1     2    75   32 2 33 43 12 41 43 44 18 19 45 50 37 10 31 36 35 30 39 13 18
1     4   127   11 27 45 35 28 35 38 11 15 34 1 40 35 26 18 37 40 12 43 34
1    21   570   13 13 16 37 33 13 41 39 24 8 15 18 45 26 22 19 28 37 10 45 18 20 48
1    14   497   46 6 32 48 35 27 38 50 16 17 29 22 7 1 7 36 11 36 36 44 34 10 21
1     2    78   46 46 46 13 39 49 33 12 40 19 33 23 32 47 15 43 7 5 39 44 26 7 32
1     2    75   47 47 1 6 23 13 11 50 10 29 26 9 12 13 38 25 22 25 35 29 47 49
1    14   460   8 39 30 38 23 32 25 25 43 4 50 50 18 21 30 24 12 23 4 5 12 41 30
1     5   188   47 28 31 42 35 42 13 29 39 42 12 16 43 33 31 13 48 10 21 25 31 31 1 13
1     8   336   6 17 21 42 6 49 37 44 7 32 3 50 3 7 38 38 45 48 29 15 24 28
1     4   150   3 18 32 8 47 43 4 48 38 36 7 36 18 10 11 49 36 27 19 18 45
1    11   404   35 30 26 50 30 40 36 11 24 42 32 36 28 6 27 48 49 16 35 10 2
1    11   411   50 10 45 20 18 10 45 26 29 8 14 21 26 48 47 43 22 22 21 41 9
1     3    97   46 17 3 30 40 49 21 4 43 45 35 49 21 41 14 47 10 36 18 12 17
1     5   188   25 39 44 25 8 36 23 25 1 46 12 43 35 49 22 22 25 37 30 42
1     2    41   8 2 19 18 18 13 45 10 27 39 46 25 23 8 24 39 37 25 15 36 36 32 3 4
1    10   394   27 5 48 43 38 3 27 29 47 47 27 28 46 37 13 23 43 8 30 30
1     7   258   27 44 6 20 46 49 19 22 5 28 24 7 3 25 41 30 17 2 1 35
1     6   244   22 24 33 50 16 44 6 34 21 40 22 30 48 38 28 22 46 25 10 25
1    16   385   35 25 25 20 8 11 11 43 37 7 4 7 9 25 14 1 39 43 11 33
1     6   239   45 39 6 33 33 42 16 22 42 27 42 10 25 15 38 43 7 43 34 32
1    21   630   43 38 29 26 27 47 11 31 39 22 32 32 9 41 28 46 4 28 28 39 22 2 19
1     7   286   35 23 43 20 40 15 27 30 47 50 35 41 10 33 18 5 4 2 7 32
1     2    52   28 27 31 43 43 45 6 20 6 50 8 16 48 40 40 17 50 13 36 17
1     1    18   27 28 22 50 1 21 25 23 36 7 44 7 35 36 17 24 37 38 10 32 18 4 39 5
1    13   400   23 30 1 7 13 31 25 21 1 42 7 36 11 26 29 31 5 12 29 45 32 12 41
1     4   133   14 7 8 36 43 22 4 11 38 35 37 35 16 27 18 13 23 30 11 26 25 10
1     2    29   37 23 33 39 10 27 12 35 32 35 16 47 34 31 26 18 45 14 33 38 13 28
1     7   248   18 21 39 3 2 6 3 27 8 5 21 4 42 34 31 35 46 27 17 22
1    15   576   44 22 41 24 25 11 49 40 3 17 40 26 22 47 19 50 48 24 36 40 31 20 44
1     1     9   17 15 9 23 32 17 20 29 12 31 40 9 19 13 37 8 13 21 9 43
1     4   144   44 15 32 41 32 37 5 26 22 32 37 31 3 45 14 32 34 28 27 16
1     7   251   29 7 24 36 18 29 17 42 31 33 20 29 8 31 7 33 4 43 9 39 6 28 40 2
1     6   230   38 50 21 30 11 9 5 38 7 12 31 6 4 49 38 9 35 50 47 13 36 39
1     2    54   18 47 40 13 34 44 32 21 29 24 3 7 37 15 2 12 36 2 14 1 2 20
1     4   161   23 21 37 40 31 36 24 16 48 21 3 4 23 27 49 22 4 21 35 32
1     2    25   20 50 47 1 34 27 5 3 8 39 24 4 4 42 44 43 18 22 13 8
1     5   195   26 45 11 4 19 38 4 15 29 33 33 31 35 29 43 2 36 46 37 1
1     2    84   33 7 28 20 11 28 9 42 50 12 15 26 42 8 9 8 28 20 6 38 16 10 5 47
1     3   135   43 11 31 17 5 29 29 36 45 6 24 48 43 27 42 17 44 14 33 3 7 22 4
1     7   281   12 32 30 36 19 13 30 20 26 18 50 7 14 48 45 7 34 15 16 46 26 27
1     2    78   27 34 11 33 23 1 46 42 44 35 33 4 22 7 28 50 23 48 43 42 28
1     2    86   49 48 37 9 34 4 50 41 15 20 6 23 12 6 7 36 32 40 32 33 50
1     2    37   14 47 27 35 18 18 26 38 38 25 21 45 46 46 44 7 26 45 28 23 4 33
1    18   519   6 7 35 50 42 1 9 5 13 41 46 4 23 39 15 8 36 15 41 47 16 39
1    11   363   27 16 5 32 44 30 35 21 8 9 37 24 37 5 1 19 2 27 23 37 47 29
1     9   356   6 37 6 16 38 18 33 31 48 43 42 14 33 42 34 21 3 33 32 31 50 13 50
1    14   451   11 32 45 19 28 46 36 30 8 9 27 25 50 7 6 17 4 31 45 38 16 19
1     9   282   21 21 2 48 4 13 21 18 9 22 43 16 17 12 8 39 32 12 15 44
1    13   454   44 31 43 25 30 20 25 12 47 25 19 16 23 10 34 31 6 50 50 23 16 20
1    14   449   25 24 35 40 17 32 18 27 41 48 17 22 15 19 29 6 37 28 5 14 21 30 32
1     5   176   16 26 42 12 41 17 32 3 39 12 23 17 5 25 4 37 20 24 1 14 1 10 3 2
1     5   187   35 35 48 33 8 33 28 9 26 8 4 3 32 27 28 29 9 38 16 43 9 38 28 36
1    16   532   45 34 3 19 4 23 37 20 7 38 1 32 26 49 5 22 30 39 45 40 17 40 16 30
1     6   262   29 11 45 6 19 4 40 10 17 6 40 47 48 45 42 19 8 21 33 43 10 14 3 33
1    12   361   13 14 18 7 21 13 43 40 21 18 42 8 49 12 12 8 38 22 25 6 41 14
1    13   513   29 45 34 1 13 44 25 44 15 9 7 37 41 30 10 44 18 46 47 45 10 38
1     4   164   30 5 14 8 45 47 35 1 16 43 29 10 39 9 5 13 49 13 48 18
1     3   125   45 8 47 21 50 20 3 49 47 33 11 37 6 46 7 47 50 21 11 16 33 43
1     2    28   20 21 43 1 5 11 50 47 9 30 36 19 5 16 29 2 33 49 42 18 5
1     3   107   2 3 49 21 16 27 23 49 35 41 45 39 37 15 28 1 50 17 30 47 14
1     4   155   29 26 30 19 21 18 47 28 47 36 23 8 42 34 6 21 24 3 26 16 2 41 28
1     8   309   41 8 21 49 43 33 5 7 36 32 3 38 46 26 17 42 46 11 44 2 38
1    16   537   3 43 39 18 3 18 1 28 39 39 9 1 5 38 24 47 44 16 38 17 38 48 3 31
1     9   359   8 24 35 42 5 15 19 44 13 45 6 34 44 21 11 36 38 42 47 23 10 49 11
1     3   133   7 28 24 12 43 30 24 43 1 12 48 41 49 15 3 46 11 12 23 38 46 48 43
1    18   521   39 27 29 32 33 9 23 17 4 12 24 10 38 10 7 24 48 24 33 48 21 43 22
1     4   175   25 3 31 5 49 7 5 46 8 30 6 43 6 3 16 40 4 46 3 48 23 35 2
1     5   182   39 27 17 37 2 21 41 10 18 29 17 32 42 15 44 50 23 38 36 34 31 38 24
1     8   302   43 20 9 40 7 37 39 10 47 19 33 15 38 43 36 5 23 28 15 47
1     3    94   11 5 8 25 12 41 8 49 33 4 18 12 13 37 48 35 7 22 11 9 50
0     1     5   11 31 34 46 13 13 9 13 8 9 28 27 35 6 8 21 46 38 2 35 21 2 25 29
1    11   420   6 10 7 47 1 38 48 34 7 30 30 50 15 45 20 43 17 1 50 17 4 8 27 13
1     8   288   32 39 7 22 6 33 28 8 6 4 37 1 40 36 28 30 34 3 4 11 37
1    12   370   15 10 32 30 47 16 38 4 40 17 39 21 17 31 22 26 28 13 16 2
1    21   667   42 13 12 50 13 14 27 38 48 50 42 43 11 43 31 45 6 28 30 36 18 4 12 33
1    11   421   9 6 34 41 4 4 24 16 12 28 33 49 50 41 9 8 46 14 17 40 6 35
1     5   219   2 42 15 24 8 21 21 30 30 1 24 21 28 50 50 13 40 42 35 38
1     3    95   17 3 48 44 3 12 36 43 21 18 2 42 19 48 49 36 43 40 6 22 50 26 29 1
1     4   180   30 25 4 46 5 40 2 11 31 2 5 8 31 45 9 49 37 9 16 50 27 44 7 28
1    12   485   25 17 37 37 28 44 27 8 3 47 35 45 13 2 20 35 42 31 46 24 41 38 32 45
1     2    20   12 7 23 50 38 10 25 39 41 3 17 32 43 27 8 45 6 12 25 32 46 27 15 34
1    14   482   37 45 8 6 28 43 15 6 35 30 27 8 32 49 29 23 27 50 39 1 20 35 15
1     1    35   3 25 46 30 6 23 35 45 9 2 21 30 24 28 17 44 46 32 46 22 19 19
1     1    22   39 22 15 9 42 12 32 39 49 46 40 46 41 2 34 21 47 26 15 20
1     2    91   42 20 30 15 18 5 37 15 26 21 29 31 31 18 1 47 46 25 13 44
1     2    17   14 14 29 44 1 9 45 46 29 10 7 37 18 16 18 4 8 3 49 46
1     7   323   9 50 18 8 49 11 50 46 19 44 45 38 37 41 8 8 25 20 41 25 48 38 7
1    11   374   17 25 23 26 10 5 8 44 30 26 9 34 22 14 17 42 37 49 2 34 38 26 35 15
1    11   454   40 29 19 45 39 16 38 23 22 45 37 48 22 17 45 15 49 44 31 12 50
1    15   471   30 41 22 31 29 47 12 28 21 19 40 10 49 50 6 10 13 2 37 7 10 21
1    13   393   18 29 1 35 24 26 10 33 27 30 40 28 1 26 40 50 9 13 15 4
1    18   623   29 34 45 23 49 17 15 46 1 20 49 33 35 38 1 9 34 37 40 42 41 13 18
1     1    11   11 20 26 10 47 26 41 15 44 47 33 1 17 25 4 9 33 21 26 44 12 45 18
1    13   366   11 18 41 41 2 22 45 23 18 6 33 23 20 22 33 15 12 20 23 37 16
1    18   511   26 13 21 7 9 45 28 33 32 27 4 6 20 29 9 33 44 2 23 20 46 43 24
1    11   463   33 9 47 37 36 50 14 45 40 34 42 48 35 1 37 14 44 19 45 22
1     9   345   33 41 7 2 36 9 13 20 18 44 47 42 16 17 37 22 22 6 7 38 46 1 3 46
1    10   328   26 31 46 50 36 10 5 37 6 7 25 17 32 13 11 31 44 25 2 20 11 24
1     6   236   7 4 48 30 37 6 39 3 47 12 32 36 26 20 14 46 11 26 3 45
1     8   275   18 6 15 20 40 7 35 35 45 38 31 20 39 32 7 28 19 41 17 10 39 11 5
1     3   102   37 15 7 35 41 27 50 30 8 10 19 23 41 15 5 48 9 44 6 2 15 37
1     2    57   33 21 29 9 31 3 41 44 3 39 46 44 24 19 13 46 19 17 49 10 22
1     8   297   46 13 27 25 36 29 15 6 28 45 31 6 43 8 41 25 3 41 26 18 34 37 40 10
1     8   289   7 50 40 42 28 30 44 27 9 16 35 8 3 30 26 42 25 27 32 17
1     4   158   25 47 42 32 27 18 34 46 48 34 36 2 30 27 27 13 12 16 45 21 29 45 22
1     3    53   13 38 30 6 11 32 5 27 18 5 46 45 45 9 38 41 9 6 17 6 24
1    17   484   29 18 19 21 13 6 26 38 35 49 9 31 27 47 5 14 25 29 34 33 9 15 8
1     5   147   26 8 25 20 6 1 5 18 28 30 20 30 35 36 24 37 7 25 4 26 20 26 4 10
1    14   453   4 32 47 45 33 11 48 5 43 19 16 7 25 29 5 30 8 28 1 32 2 8 41 4
1    12   406   31 24 16 46 44 26 17 34 15 29 17 40 21 34 13 28 6 5 26 2 33 36 30 33
1    11   416   21 30 12 11 49 24 41 2 32 5 22 13 3 47 5 4 12 27 22 48 39 47 38 39
1     4   177   31 36 28 49 9 49 41 5 43 38 9 50 46 32 21 23 7 23 22 42 47 29 11
1     7   277   26 43 16 44 21 9 16 30 7 26 13 32 49 11 14 50 1 34 40 44 8
1     3   131   5 22 5 50 39 20 13 35 20 23 11 25 47 37 5 42 8 20 6 40 35 45
1     7   284   39 3 38 2 4 28 50 18 50 37 5 43 27 25 24 47 20 49 15 13 27 21
1    13   448   30 16 24 12 47 10 33 1 5 18 42 26 16 28 26 47 3 35 39 27 35 34 33 25
1     8   306   29 5 28 17 30 26 29 28 47 1 37 10 11 30 48 40 8 31 9 10 41 41 17
1     4   149   42 2 4 5 15 26 41 12 25 27 13 47 23 44 49 20 16 37 41 14 30 30 44
1     2    56   33 28 35 16 7 31 46 47 14 15 23 29 39 36 34 21 12 29 1 2 1 4 7 48
1    20   700   31 41 41 33 14 44 36 40 17 27 46 32 26 45 48 2 22 45 3 30 23 50 23
1    10   422   18 48 48 45 13 21 10 5 43 27 24 36 46 35 48 42 2 46 16 1 42
1    11   334   24 23 1 28 18 25 45 24 21 18 33 22 22 31 43 18 27 1 30 24 32
1     2    34   37 13 14 40 26 19 18 24 17 44 25 19 22 22 26 14 19 24 24 45 9 37
1     5   219   29 38 40 48 21 50 5 31 42 19 42 37 46 44 48 48 16 5 10 24
1     2    69   25 26 8 31 1 38 10 18 43 41 43 47 24 7 28 5 8 10 9 14 12 17 31
0    -2     3   50 43 40 11 43 5 10 20 24 40 29 14 14 38 6 21 26 10 30 32 33 7 45
1    13   441   27 29 29 21 20 16 9 23 42 30 48 14 33 28 38 6 43 5 27 50 6 4 2 22
1     2    51   33 22 13 32 35 25 30 9 5 10 14 3 42 36 25 40 35 14 6 33 42
1    21   680   35 38 35 40 34 24 16 38 18 5 36 41 47 31 37 44 13 4 42 36 34 36
1     2    77   46 7 44 33 44 8 46 19 36 28 44 47 8 7 4 22 18 48 31 9 20 24 3 2
1     4   154   40 43 23 12 34 18 1 39 40 17 45 16 11 9 33 6 18 47 23 40 2 19 40
1     3   102   34 17 11 31 48 41 33 1 2 39 45 11 41 46 6 39 28 17 41 47 30 15 46
0    -1   445   1 22 21 38 11 21 8 4 8 24 3 41 10 31 41 44 36 35 42 6
1    17   580   38 32 36 23 34 4 1 25 17 23 16 33 21 31 39 42 29 47 49 13 13 41 8 45
1    19   588   40 36 30 38 30 15 45 42 10 34 29 27 40 24 47 26 2 14 6 26 11 34 20
1    17   563   9 46 22 4 32 8 44 31 36 35 47 40 44 11 46 38 32 36 5 16 9 7
1     5   197   29 14 24 26 28 19 36 33 10 46 28 17 3 2 41 49 8 44 20 35 20 29 4
1     5   177   35 12 8 14 23 39 31 26 41 11 8 17 9 10 3 36 49 41 14 30 2 15
1     2    91   41 14 24 47 6 13 26 35 5 38 25 46 41 31 45 44 6 22 2 10 5 31
1    11   408   40 29 5 11 45 25 45 7 48 45 26 25 39 47 22 40 38 19 20 6 12
1     3   115   17 10 37 32 15 36 16 50 7 25 43 17 50 18 45 30 4 40 5 24 33 20 31
1     3    92   22 4 18 24 3 31 15 48 30 34 6 42 42 40 1 16 41 13 45 12 13 12
1     9   347   35 38 1 14 17 45 4 49 20 37 29 12 31 33 3 22 11 3 49 34
1     7   275   47 15 4 38 16 8 15 40 37 25 29 22 31 43 43 14 26 9 24 47 24 31 28
1     3    92   14 36 26 2 46 17 15 13 40 26 28 49 21 19 12 3 36 24 38 1 24 35 10
1    16   523   2 8 32 20 21 50 10 25 48 28 13 39 21 4 9 29 50 21 36 37 7 32 45
1    14   415   7 24 19 16 4 1 21 20 28 20 3 43 23 34 48 4 29 4 49 39 34
1    13   462   7 24 40 38 32 17 18 20 12 25 50 21 43 39 50 2 1 28 37 45 16 12 25
1     9   273   22 3 16 32 7 1 50 4 17 24 26 24 8 4 50 7 36 16 5 20 26
1     3   109   18 8 42 45 7 4 21 30 18 9 42 8 21 32 19 48 10 41 35 23 34
1     7   267   14 49 32 38 13 23 40 3 27 26 29 29 15 13 35 8 13 35 10 29 44
1     9   297   24 40 42 1 8 23 24 32 32 37 12 30 37 33 3 16 22 25 21 2 19
1     6   232   18 28 2 3 20 9 3 49 7 16 45 1 17 50 25 46 11 5 32 6 16 25
1     5   233   7 9 21 25 37 23 46 21 41 43 19 8 45 50 44 3 8 5 45 35 43 29 48 34
1     8   340   25 43 34 10 13 40 50 22 17 30 44 20 47 43 13 8 48 27 42 3 16
1     7   286   3 16 32 5 40 24 13 50 39 38 30 31 11 27 5 20 35 31 47 45 35 3
1    15   540   25 39 18 40 9 19 16 21 4 49 21 48 38 23 28 44 35 26 41 47 4 38 38
1     7   271   42 11 4 50 46 45 32 44 1 5 1 3 47 17 21 15 33 2 37 40
1     3   119   22 21 23 26 23 14 21 18 38 40 41 5 41 26 46 19 11 34 39 37 14
1    19   653   46 39 22 22 50 21 33 6 45 43 20 44 30 27 45 44 16 15 15 46 27 32 24
1     9   382   45 11 42 44 46 25 29 40 21 5 20 25 37 35 34 47 45 8 43 47 33 8 39 26
1     2    26   39 35 49 3 21 49 29 43 1 42 9 18 9 20 44 50 48 33 25 33 6 3
1    19   610   30 14 43 30 46 1 38 49 45 29 10 46 47 7 44 6 41 10 37 28 13 22
1     9   329   28 19 5 10 22 43 35 37 30 5 17 25 43 18 7 14 47 15 44 15 30 37 13
1     6   205   30 40 32 38 37 6 36 4 13 37 5 25 31 38 48 31 38 7 26 22
1    12   444   44 3 10 6 5 36 10 29 33 27 38 50 8 6 50 29 50 23 37 46
1     5   197   19 15 6 48 20 27 36 34 17 40 38 15 12 12 49 45 20 27 23 12 1
1     2    83   49 39 9 13 4 31 24 1 13 9 21 8 22 7 5 4 26 37 17 44 39 25 9 24
0     1    10   34 15 9 45 35 11 35 23 9 11 31 45 34 9 28 43 16 18 21 17 48 9
1     5   205   2 48 24 12 37 47 9 48 17 7 27 8 7 5 13 35 34 42 10 22
1     3   116   26 29 30 6 33 24 48 7 42 8 46 8 37 21 7 28 4 18 50 49 11 2 47
1     5   193   21 36 36 13 27 25 43 32 41 34 40 32 48 4 13 13 9 6 11 44
1     1    14   16 14 2 38 49 3 2 20 50 5 18 4 20 45 18 23 36 12 3 29 18
1    11   380   30 23 24 36 25 25 9 24 44 38 49 27 7 45 27 27 30 24 26 31 2 36
1    19   555   28 8 17 33 41 17 17 21 31 21 18 12 8 11 33 34 36 41 32 49 48 30
1     2    52   14 22 35 7 41 44 35 6 22 45 44 9 12 29 2 48 7 9 31 10 20 46 42 50
1    12   408   4 4 33 2 28 25 28 17 7 40 5 28 45 29 5 22 39 45 9 8 38 35 45 23
1     2    72   29 5 8 49 11 48 26 31 23 23 49 15 34 34 5 36 47 40 46 13 47 33 21
1    19   481   6 39 28 26 6 27 13 44 35 44 20 16 13 18 13 13 33 40 13 42 14
1     5   224   14 46 7 48 22 30 24 41 13 25 50 39 2 6 28 28 25 12 11 6 46 4 48
1    17   523   49 28 47 38 20 14 20 23 3 46 38 10 16 40 24 23 9 48 15 29 32 8 4
1    17   521   45 38 31 34 45 28 15 3 29 39 5 43 21 43 15 11 29 12 11 9 21 50
1     8   279   1 41 35 41 39 10 5 40 26 9 5 4 20 48 39 8 15 41 23 13
1     9   303   23 12 26 8 7 2 15 21 4 43 42 4 9 17 22 44 26 23 35 44 34 11
1     3    97   29 33 2 17 28 25 20 18 10 30 10 23 2 1 40 26 4 11 35 46 28
1     3    90   34 2 47 3 6 7 41 21 27 26 48 7 8 28 50 37 16 15 29 22
1     2    38   6 21 30 12 43 10 49 41 37 10 11 18 26 40 49 26 29 10 33 21 19
1    15   410   46 22 3 15 35 30 18 34 10 20 11 5 23 1 46 37 3 4 26 42
1     2    39   4 17 26 32 28 23 16 27 44 14 26 8 3 26 50 49 28 23 8 1
1    12   427   10 48 27 5 12 46 14 48 32 31 18 22 23 49 17 40 37 4 17 14 36 6
1     3    95   37 22 5 21 43 36 18 26 18 26 22 37 48 17 15 18 6 2 6 23 42
1     7   265   18 33 14 34 22 10 7 30 50 38 27 36 47 1 15 46 22 31 21 7 41 17
1     8   332   6 2 16 32 9 45 33 38 28 44 25 49 27 38 21 18 48 6 34 1 46 11 39 45
1     9   377   17 20 18 36 29 11 46 29 28 17 47 19 41 47 43 22 13 47 3 21 48 11 44
1    10   404   18 13 47 49 46 13 47 40 34 50 31 8 39 19 2 46 5 31 17 20
1     3   120   48 10 32 44 1 41 5 3 44 31 9 43 13 3 41 20 24 31 28 31 29 12 31
1     2    45   32 4 7 17 23 3 39 42 41 23 6 39 50 28 22 3 39 1 48 31 46 50 23 44
1    15   472   5 16 34 44 12 44 16 22 31 31 17 15 30 17 44 4 36 27 50 13 43 13
1     6   206   10 18 37 22 2 33 39 30 3 21 36 17 2 1 10 41 16 17 19 43 44 16
1    11   397   34 48 27 9 49 16 16 15 28 21 43 12 39 44 32 15 34 26 30 29
1     7   247   40 21 2 19 11 10 12 26 8 13 24 48 19 42 45 23 40 33 22 26 1 34 28
1    14   489   31 32 19 48 11 31 30 21 7 27 39 34 42 9 4 13 41 39 49 23 33 7
1    15   508   4 19 41 16 45 6 16 27 13 49 40 9 20 20 33 11 3 12 41 35 12 37 45 49
1     8   317   37 29 37 36 15 12 36 49 33 47 13 26 2 34 43 5 1 16 17 9 36 36 5
1    12   460   5 29 35 40 24 35 34 48 36 14 7 18 42 37 26 23 40 49 31 33 22
1     8   256   30 15 25 15 29 20 6 38 41 37 25 14 20 4 6 3 2 2 12 36 17 2 16
1     8   310   14 30 39 19 15 50 30 41 28 1 5 37 25 44 40 50 1 31 7 22
1     2    37   6 3 20 30 42 5 22 50 10 10 28 46 33 38 1 47 14 34 22 27 35
1     3   106   41 41 3 42 27 16 25 1 29 27 47 15 49 30 15 29 31 5 7 32 27 36 45 28
1     8   317   25 5 14 46 19 35 25 5 26 7 17 48 24 35 24 49 22 29 31 10 40 25 33
1     5   206   9 40 16 36 44 1 13 42 18 41 1 49 20 40 13 24 39 10 16 34 41 2 26 25
1     8   350   39 16 36 19 9 48 48 32 38 5 42 45 24 5 46 28 10 41 9 50 35 43 3 17
1    10   398   3 9 10 45 10 50 4 22 40 45 13 17 44 29 41 43 6 2 50 41 19
1     7   273   32 44 18 15 10 15 17 31 32 47 35 47 18 17 30 27 50 11 22 3
1     9   364   28 9 3 46 20 29 50 48 39 24 1 25 38 47 13 22 39 4 49 19
1     5   191   23 49 25 7 35 16 30 37 17 23 21 33 40 3 16 30 29 50 27 46 5
1     3   103   28 19 25 6 39 13 48 45 33 27 18 50 33 15 21 9 25 29 44 33 48
1     6   246   1 10 6 28 10 1 17 50 4 2 48 1 5 47 14 39 39 30 8 7 40
1    10   350   18 43 17 42 7 45 18 49 14 17 13 44 21 16 22 26 8 23 39 26 33 3 35
1    14   456   21 26 25 20 7 16 49 17 2 49 40 3 49 4 49 20 26 29 41 26
1     9   316   23 3 50 42 21 12 6 5 26 2 27 13 20 37 23 37 47 20 11 44
1     3   113   29 15 21 39 7 42 38 26 38 11 27 29 3 29 1 25 1 32 11 30 5 25
1    17   590   23 50 4 41 1 36 11 46 20 3 30 33 18 50 22 41 14 12 22 29 19 34 50 48
1     6   253   13 48 45 33 10 39 18 38 6 33 27 13 16 9 37 39 26 24 49 22 33 2
1     2     3   37 11 34 38 38 26 34 43 23 19 25 17 23 1 9 50 29 44 25 2 2 46 2
1     1    21   21 41 10 27 22 45 47 2 45 16 39 49 18 24 18 24 38 1 45 42 10
1     2    68   46 24 22 29 25 42 28 26 20 4 15 20 34 7 43 34 38 7 28 13
1    10   429   48 49 21 17 39 14 5 21 7 46 38 30 50 11 18 28 48 40 15 43 45 35 14 16
1     9   288   21 33 32 33 27 13 15 25 33 34 25 26 48 19 43 23 33 23 3 10 29 5 6 1
1     1    22   49 23 43 49 27 41 22 19 15 11 7 12 4 18 1 30 4 49 35 7
1    14   561   7 5 48 14 45 26 46 48 15 19 30 38 49 40 36 21 44 4 36 35 4 30 15 47
1     6   209   22 18 28 34 38 28 3 7 42 27 6 29 15 38 23 15 30 15 7 37 39
1     4   143   30 26 21 40 14 24 37 2 14 3 39 47 44 14 2 15 25 33 5 19 7
1     6   205   44 14 26 26 40 14 41 15 8 35 38 22 4 5 14 20 6 17 18 14 18
1     9   338   35 49 37 37 35 22 43 11 1 31 2 12 47 8 40 9 26 40 26 5 43 14 22
1     2    25   42 3 20 19 17 11 47 44 30 32 31 50 30 6 49 31 39 9 38 9 10 35 1
1    12   428   46 43 23 35 13 18 31 49 36 43 16 33 32 29 23 10 22 31 24 50
1     4   138   20 35 1 19 8 29 10 18 16 6 5 40 18 20 45 44 12 3 33 9 17 4 20
1     3   134   6 44 46 13 2 19 29 47 6 9 40 30 43 4 9 28 47 8 42 3 11 35
1     4   135   31 32 40 10 1 21 5 3 38 25 46 41 47 31 7 21 3 23 9 12 21 16 33 26
1     8   347   45 9 22 50 38 23 27 43 37 14 49 2 41 41 8 31 13 48 34 11
1     1    21   4 26 44 8 31 21 49 27 44 3 39 48 1 25 11 16 39 44 33 36 30 22 16 45
1     6   206   22 9 17 6 13 18 7 43 32 30 47 39 28 7 34 34 4 36 26 12 33
1    15   528   5 14 3 39 44 50 28 25 49 37 20 6 39 34 26 35 25 31 45 7 29 15 12 29
1     4   161   12 31 48 13 37 11 25 10 45 21 23 36 4 30 36 33 20 11 6 35 14
1    16   533   32 29 25 40 25 16 37 15 36 33 18 38 37 20 19 21 44 12 40 39 40
1     8   310   3 11 15 42 32 33 8 48 29 35 28 1 47 13 16 39 18 35 28 11 31 29 37
1     9   364   16 42 8 21 26 35 41 48 3 39 44 32 29 32 14 28 26 8 39 25 42 37 49 20
1     2    64   14 44 24 7 30 14 2 49 25 44 2 26 11 35 45 25 34 45 6 27 2
1    13   400   26 11 27 19 6 18 19 18 28 50 29 19 5 23 48 8 20 45 29 27 34 16 12
1    12   431   36 4 4 30 43 42 26 22 19 33 28 41 40 9 12 5 22 47 16 37 35 8 14
1     3   123   25 7 7 4 16 50 45 45 6 25 20 2 44 6 12 25 18 4 19 22 33 41 41
0    -1   557   18 12 1 22 20 28 22 24 50 23 20 31 12 41 10 44 26 9 28 29 8 35 15 31
1     5   208   11 3 31 2 19 22 44 23 5 45 22 12 38 13 2 8 4 21 45 29 49
1     9   346   22 32 20 15 35 25 48 16 13 14 9 46 31 9 35 2 20 50 46 49 22 33 30
1    22   697   35 34 49 44 3 35 42 6 41 47 39 24 11 31 40 46 28 19 34 16 35 20 4 24
1     5   169   28 42 7 35 39 43 18 34 12 21 4 30 24 43 16 24 46 21 31 13 31
1     3   116   46 7 8 15 42 7 13 46 18 2 19 5 26 38 17 16 30 20 28 24 33
1     3   143   46 18 31 14 20 50 10 47 29 10 3 37 6 46 4 36 48 26 36 14 13
1    11   365   18 15 50 30 15 29 49 17 28 30 46 7 9 22 31 8 42 32 13 10 11
1     3   121   15 37 1 19 35 20 44 23 40 12 44 18 32 22 9 44 19 45 7 22 46 43
1    10   343   9 18 24 31 34 45 37 8 47 28 33 41 21 11 16 28 34 18 32 14
1     4   127   40 35 7 12 34 27 20 38 19 6 15 43 12 48 6 28 9 28 14 5 15 24 43 35
1    19   614   26 20 50 32 27 47 50 18 44 50 24 4 20 28 31 23 43 2 37 49 28
1     7   288   10 36 19 15 32 1 36 46 43 43 20 13 36 6 32 11 27 26 44 12 17 48 7
1     2    12   10 37 35 39 49 19 50 16 41 1 46 3 29 34 36 34 33 11 48 11 35 8
1    15   483   8 48 40 13 48 10 20 9 6 4 17 38 1 37 45 35 43 24 33 8 22 28
1     2    15   12 50 40 9 6 2 38 10 44 32 25 20 25 30 8 43 48 14 35 17 30 2 45
1     4   186   24 41 37 46 49 44 48 41 28 30 26 47 44 16 17 27 12 41 23 26 40
1    10   349   14 12 18 7 17 36 6 13 40 16 17 26 10 1 44 43 21 19 43 1 29 25 9 48
1     2    11   29 10 23 22 29 27 20 13 4 2 40 39 9 25 49 15 32 17 10 40 14 34 10
1    20   660   31 43 43 49 21 49 49 35 45 12 47 6 50 38 13 32 31 14 40 12
1    14   351   47 3 18 34 48 14 3 18 12 8 2 7 6 4 12 16 10 6 23 8 46 1 47
1     2    25   34 20 27 28 22 38 33 18 48 30 9 37 28 15 24 7 24 1 43 16 27 12
1     9   312   33 36 3 5 17 31 12 42 38 40 5 23 25 41 3 27 38 1 30 4
1     8   351   47 48 7 32 38 25 46 31 48 35 47 42 22 46 22 27 37 30 17 26 35
1    11   342   21 12 36 23 19 47 21 34 13 15 26 7 19 14 46 6 22 10 47 1 23 6 19
1     6   246   6 26 12 41 40 40 25 13 7 27 4 38 36 16 9 21 45 33 45 13 45 10 14 44
1     2    41   18 5 22 36 19 2 40 17 24 3 34 16 3 17 34 20 37 10 24 44 31
1    13   465   22 39 34 29 27 50 24 39 18 19 36 1 26 40 38 39 8 10 23 27 34 41 30
1    13   453   15 27 45 41 35 8 42 2 44 15 4 19 19 30 30 43 17 30 30 16 17 49
1     3    20   25 45 46 48 7 5 27 50 8 39 50 36 8 50 33 9 42 29 16 34 8
1    24   627   38 47 14 38 46 6 4 32 2 40 47 19 28 16 29 1 22 11 19 13 31 50 30 44
1    10   380   37 39 28 7 26 50 38 6 32 4 9 17 20 39 4 39 41 29 1 11 27 13 40 4
1    17   508   42 8 41 22 26 47 46 45 6 24 26 15 2 23 22 13 12 13 33 7 9 30 41
1     4   177   46 39 50 38 24 49 38 7 15 44 41 20 44 38 14 50 45 46 42 41
1     2    66   13 26 38 10 21 49 32 34 42 38 47 20 17 5 50 28 6 16 47 32 30 20
1     8   339   26 21 38 37 20 49 1 10 49 3 27 46 10 44 22 6 3 11 3 5 26 47 49 24
1    14   467   43 31 34 49 40 40 3 3 2 12 33 13 43 5 24 27 26 6 40 46
1     1    41   3 38 41 17 29 41 24 15 22 28 46 28 35 42 10 36 50 10 12 25 44
1     2    16   13 47 38 11 19 23 17 5 39 21 43 39 17 29 42 40 29 39 8 38 36
1     6   211   36 34 13 33 14 1 43 14 25 44 12 43 16 37 35 27 9 18 30 5 12 11 5
1     7   266   6 11 32 23 20 41 13 44 44 4 22 8 29 43 23 41 1 45 36 45 23
1     3    80   6 11 47 12 47 2 45 14 5 38 5 46 40 27 30 11 26 7 22 27 36 7
1    10   370   8 6 14 25 12 41 16 50 17 22 18 18 50 29 8 23 22 7 49 46 10 16 40
1     8   297   35 22 36 49 24 13 21 9 36 33 47 10 19 35 41 25 17 32 28 46
1     5   195   32 25 44 5 13 45 48 4 22 12 24 34 3 39 8 44 18 2 42 23 48 37
1     5   170   15 43 4 3 20 42 13 22 14 49 7 18 49 14 31 19 13 42 42 42
1    17   528   33 10 45 20 46 44 21 36 15 23 40 11 29 45 32 4 27 1 3 22 4 40
1    22   545   3 41 24 41 35 41 47 25 47 11 4 10 6 13 20 23 30 10 10 35 4 27 28 19
1     4   145   9 5 3 48 33 3 50 32 32 26 46 27 21 46 40 23 27 25 17 48 16
1     6   259   5 31 33 18 42 33 47 21 33 13 4 34 15 17 46 39 43 48 5 19
1     5   175   12 39 10 22 10 30 1 14 46 6 2 27 39 45 18 19 6 7 29 34
1     9   354   23 29 5 44 1 40 13 48 49 25 45 8 10 31 43 45 11 7 45 3 14
1     8   241   43 17 14 22 11 28 11 9 25 4 29 7 46 42 23 12 29 17 19 11 14
1     7   269   18 45 6 9 40 49 25 6 39 50 30 1 45 4 17 25 32 33 4 31
1     1    22   48 36 49 46 28 50 44 32 11 50 40 36 17 6 12 31 22 2 19 36 39 48 15
1     6   264   36 33 34 12 45 21 25 14 36 7 6 4 24 48 49 34 32 45 33 33 45
1     6   256   4 20 15 14 46 21 32 46 19 41 37 43 3 46 42 34 27 4 45 25 44 19
1    15   594   47 8 39 48 49 44 43 43 41 40 48 14 12 35 48 18 11 19 33 4 17
1    13   521   8 40 40 20 50 40 24 11 49 44 49 35 32 10 35 30 45 14 37 14 46
1    12   396   1 12 29 36 44 30 32 48 50 5 33 24 29 20 7 23 10 19 9 27 21 14
1     8   320   44 37 15 10 30 48 2 36 21 20 33 36 37 34 28 15 31 50 42 39 7 50 1 45
1     1    23   49 31 48 48 40 47 15 30 28 34 21 16 2 34 34 23 41 2 9 14 6 43
1    13   449   4 26 5 23 42 28 28 28 47 2 50 50 31 28 23 34 49 18 22 1 25
1     1    30   20 10 34 31 40 35 23 19 31 30 26 28 49 39 12 24 39 18 11 25 43 18 43
0    -2     4   16 40 15 23 31 18 32 30 49 22 45 19 11 9 32 44 7 6 32 19
1     8   309   39 46 15 14 6 11 39 35 30 29 19 46 5 18 38 36 34 18 48 14 28 25
1    17   529   7 15 3 46 11 37 48 5 27 48 36 6 37 30 8 31 24 10 43 21 14 20 41
1     7   291   45 10 36 32 22 37 33 9 46 14 28 34 23 40 17 45 31 39 10 42
1     4   145   12 5 42 41 22 3 33 5 42 8 24 10 24 46 28 47 7 34 24 18 45 3 34
1     2    61   33 19 14 48 40 19 31 34 41 29 50 40 47 6 22 50 5 35 14 20
1    10   398   22 22 9 10 20 2 26 44 26 30 10 8 48 45 28 25 50 7 39 48 38 12 49 42
1     8   325   26 23 27 18 39 29 50 50 12 32 34 20 19 20 40 33 7 32 44 36 36 48
1     9   360   23 4 35 28 36 21 40 40 13 47 25 16 41 41 7 17 46 46 32 12 1
1     4   180   13 42 14 7 43 42 43 50 10 42 12 45 23 28 31 36 26 31 32 50 38
1     4   180   12 18 45 14 34 46 48 40 8 42 47 8 17 49 1 4 2 27 44 41
1     6   245   35 12 17 41 21 17 24 46 9 47 46 29 16 43 25 27 12 50 21 23 36 23
1     2    49   41 31 2 30 38 29 6 11 14 33 25 3 17 48 9 27 40 7 25 20 32 10 1 34
1     3   102   4 30 25 28 5 21 36 22 32 49 24 7 29 38 45 16 48 47 33 20 25 29
1    15   496   5 32 5 9 45 47 49 50 10 46 38 3 3 4 13 37 24 17 8 44 37 8
1     3     7   27 18 2 18 25 2 33 22 3 19 1 42 33 1 26 49 39 1 15 17 19 23 12 41
1     8   323   34 15 16 9 12 37 49 38 1 7 50 43 9 28 36 17 38 24 39 36
1    11   408   47 43 15 39 47 11 42 30 12 23 2 21 6 17 17 35 26 25 36 18 38 35 28 1
1     3   100   40 17 19 47 30 39 31 27 11 46 45 18 41 20 49 48 10 34 47 36 34
1    12   397   9 21 27 11 32 27 37 3 15 7 11 50 47 7 13 10 19 37 49 18 23 26 19 36
1     3   101   19 32 4 50 18 46 34 20 45 9 47 45 36 39 7 5 13 32 42 32 8 42 39
1     5   202   43 19 1 22 28 30 34 47 26 19 32 10 20 44 6 41 10 47 15 31 29 24 48
1     2    58   38 40 3 5 49 29 29 6 2 9 45 24 37 14 5 30 21 20 2 31 37 15 28 10
1    15   561   32 46 44 32 2 47 38 49 21 26 37 28 5 49 17 33 7 27 26 28 42 32 8
1     6   225   23 32 20 23 6 18 10 17 42 9 48 36 39 8 26 45 3 12 26 2 41 37 40 21
1    15   442   3 5 28 20 23 25 22 31 45 36 11 42 16 8 29 11 17 24 2 32 29 6 39 13
1     3   140   1 18 39 34 45 35 11 36 48 16 2 33 43 11 19 38 27 29 18 47 12 49
1     5   191   11 45 1 16 19 4 1 35 18 9 19 13 49 17 13 26 46 5 14 47 17
1    10   372   23 40 28 36 39 7 7 1 17 26 46 6 34 31 27 30 43 22 37 1 36
1    12   417   5 44 46 19 40 46 8 6 8 25 20 8 49 11 12 19 37 3 49 39
1     2    81   49 40 36 19 29 26 30 38 6 37 48 42 45 21 37 32 20 11 49 48 45
1    12   418   29 8 44 15 33 45 13 16 36 15 9 24 46 10 17 15 47 30 46 28
1    13   434   15 12 29 40 5 11 8 41 27 30 31 28 10 30 31 47 47 47 44 8
1    19   563   3 36 7 23 31 50 2 50 45 13 30 35 44 26 15 14 8 33 13 31 31 40
1    15   563   33 26 43 23 43 32 12 8 44 7 46 21 48 39 20 33 41 2 41 28 41 14 14 48
1     1    27   27 22 20 48 28 12 31 30 42 4 23 39 8 36 2 11 45 13 21 15 2 13 1 2
1     8   290   6 39 38 7 35 44 42 27 48 29 25 24 32 5 27 10 20 7 36 33 33 8
1     4   144   16 24 30 2 30 24 6 9 33 20 13 37 36 23 32 3 2 5 48 36 30 26 45 6
1    12   463   50 49 4 34 25 32 9 36 1 34 25 40 20 46 16 47 39 38 33 36 9 15 26 23
1     5   187   18 14 23 29 1 34 15 50 7 1 45 28 8 36 7 31 29 14 39 49 41
1     2    53   38 15 20 48 17 6 24 39 40 9 9 49 47 28 11 23 32 7 14 4 16 29 46
1    13   472   12 30 14 19 38 1 33 6 24 19 17 49 25 48 29 44 16 29 49 20 36 50 2 3
1    12   464   37 15 23 12 26 42 11 38 39 24 48 23 49 36 44 47 12 16 44 1 39 11 30
1    21   605   3 5 26 18 22 47 5 50 32 3 48 24 43 41 4 36 15 35 13 44 33 47 18
1     1    39   1 39 11 29 47 24 33 34 48 6 35 29 8 13 10 42 15 46 20 43
1     3   116   6 37 17 15 7 11 37 38 8 1 37 29 49 5 24 4 5 21 14 9 50 35 11
1     9   340   20 20 10 40 36 31 32 37 11 40 28 43 47 33 29 1 50 32 21 38 31 2 38 31
1     4   140   12 6 25 13 42 4 13 27 43 37 17 38 14 7 46 24 6 13 39 9 44 48 39 33
1     6   232   23 14 45 41 16 28 47 9 49 1 31 46 18 18 47 13 11 10 13 18 35 12
1     2    31   32 30 18 5 35 36 9 41 16 30 13 8 3 48 23 41 20 35 34 18 50 32
1     4   188   46 39 41 41 31 18 10 35 43 29 20 8 8 36 17 49 22 19 40 48 22 45 12 20
1     1    41   13 19 20 43 41 18 9 9 50 37 49 36 1 43 44 47 42 41 45 30 29 15
1    10   399   31 24 47 47 28 2 30 43 23 21 7 50 40 48 42 11 33 27 50 20 33
1     2    40   47 22 26 16 6 4 43 1 46 35 47 19 28 8 32 15 19 45 39 20 2 9 43 49
1     7   301   15 6 47 36 10 32 7 21 27 18 10 32 27 11 35 30 47 34 48 48 38 42 49
1    13   518   27 44 2 44 38 48 47 38 40 15 8 43 45 30 21 31 8 19 43 32 37 29
1     2    68   18 26 27 39 43 12 46 30 9 42 29 29 37 16 26 23 2 13 34 46 26
1     2    17   25 27 38 34 48 22 26 11 14 32 14 48 11 48 47 6 35 36 31 22 32 42 3 34
1     2    82   34 23 9 19 13 28 7 50 39 17 45 18 33 48 33 1 4 17 50 3 12 50 8
1    18   523   2 21 27 11 39 14 11 26 5 38 45 21 14 14 32 47 24 27 35 43 30 8 44
1    13   419   27 11 4 31 19 16 44 15 25 2 1 21 15 27 3 46 38 21 13 24 40 32 48
1     2    91   27 31 38 14 34 39 23 42 37 34 45 2 4 46 1 19 35 7 23 22 13 12
1     6   209   43 30 20 2 27 5 8 12 30 44 37 4 29 41 25 27 7 24 36 3 27 19 1
1     4   139   34 20 15 8 13 22 43 4 41 13 17 14 48 38 44 13 36 7 2 42 11 19 38
1     9   342   25 6 19 50 43 8 37 37 5 28 44 8 22 39 2 1 7 10 47 4 6 39
1    14   460   37 23 27 50 17 1 38 19 9 23 5 33 43 43 4 9 24 45 30 39
1    22   573   20 7 38 44 5 20 11 31 50 37 48 26 31 41 27 1 18 8 4 28 22 10 24 33
1     6   240   29 43 15 28 49 43 8 9 44 25 2 28 18 30 11 10 50 48 3 45 43 13
1    10   376   9 21 11 17 23 40 39 27 38 41 36 37 9 25 17 2 46 25 37 38 47 49 27 14
1     9   372   44 50 30 35 11 19 44 6 31 30 18 13 42 39 41 31 30 27 3 10 3 42 44
1     6   278   27 44 12 14 14 4 1 46 15 49 21 45 2 22 49 1 14 5 33 41 49
1    19   617   46 38 22 12 38 21 30 48 16 13 14 19 47 49 28 26 20 18 8 43 28 5 44 46
1    17   488   33 28 16 30 30 23 23 46 1 15 6 39 14 29 9 22 29 29 20 11 23 37 31
1     8   355   29 12 49 36 15 2 27 49 14 22 49 19 50 49 18 20 6 47 28 25 35 27
1     8   319   46 19 19 37 36 6 18 29 12 47 39 42 16 45 50 35 11 31 23 24 28 9
1     4   173   33 21 5 12 38 45 41 45 48 38 50 35 47 2 46 43 2 45 14 17 25
1     8   349   33 47 47 48 20 42 3 23 26 28 10 2 24 18 49 41 8 48 45 30 34 13 2 13
1     1    44   18 41 28 39 8 32 30 23 10 45 19 3 46 49 24 18 44 16 5 18 27 43 28 42
1     3   100   41 25 10 41 49 24 20 36 11 12 20 48 50 27 1 11 22 23 6 1
1     4   156   31 30 47 6 50 11 19 18 48 33 36 39 48 2 1 19 37 38 25 30 4 1
1     4   184   9 42 45 1 8 13 28 45 49 10 13 42 47 43 30 21 27 30 43 50
1     4   161   6 43 15 44 1 34 45 4 8 10 45 39 44 42 30 15 26 19 24 21 28 32
1     2    14   33 43 11 34 17 29 36 40 23 46 37 3 21 9 50 20 12 16 44 50 13 16
1    11   405   4 17 7 21 37 38 39 11 26 28 50 48 1 17 1 11 10 4 49 22 25 37 32
1     5   205   3 48 1 18 24 9 48 37 21 10 24 18 48 7 34 12 36 45 33 4 9
1     7   290   17 49 24 36 34 5 1 38 45 2 15 43 21 41 19 23 34 31 4 40
1    13   470   38 6 40 20 42 15 20 9 48 28 21 15 32 27 11 30 47 39 12 21 39 45
1     2    84   46 33 33 10 17 29 39 47 4 41 16 29 47 13 33 40 21 16 15 5 44 18 8
1     2    81   17 19 34 23 43 15 11 43 8 50 10 44 36 35 24 6 17 36 18 46 4 35 50 38
1     2    84   26 38 18 28 27 6 14 47 50 48 5 28 10 35 41 44 49 17 49 15 42 8 4
1     2    41   50 7 31 26 17 28 31 46 3 29 12 32 45 21 40 25 10 5 18 24 27 2 48
1     4   139   23 13 43 27 12 13 22 39 7 41 33 33 1 37 37 30 13 28 40 11
1    19   614   25 34 42 49 30 32 33 8 3 29 41 6 44 49 33 7 39 48 2 3 19 18 13 28
1     4   155   23 8 14 21 16 20 43 4 31 27 47 29 38 32 43 43 20 45 22 45 12 21
1     5   166   33 25 21 15 20 19 22 44 37 41 38 8 38 33 21 4 18 21 38 9
1    14   437   24 43 29 6 32 47 32 25 35 21 33 28 42 41 2 18 11 35 12 18
1    12   430   26 3 23 35 39 8 41 34 32 1 4 49 42 2 4 42 8 30 36 34 27 36
1    21   550   25 7 18 4 45 31 34 45 8 2 10 15 24 1 27 50 17 50 41 49 42 6 2
1     2   100   23 20 48 26 28 28 27 50 30 4 41 30 30 45 46 13 50 10 49 2 17 19 10 43
1     2    49   9 28 6 24 3 7 26 23 37 42 2 34 19 35 34 1 26 8 24 8 17 25 2
1     4   149   20 40 23 30 14 38 35 29 9 12 5 35 33 21 15 37 46 41 12 30 38 10 7
1    10   366   36 4 11 16 19 49 11 40 32 48 37 42 38 12 12 12 25 19 8 42
1    14   436   46 29 8 10 45 49 26 23 8 13 27 15 32 8 9 11 19 38 31 7 34 6 42 2
1     5   227   42 34 27 16 28 43 26 28 7 49 22 39 21 33 42 8 5 50 47 49
1    15   512   29 41 34 40 45 42 22 35 36 25 1 3 34 21 22 2 31 38 35 16 37 36
1     4   142   7 12 40 44 2 29 5 41 14 1 2 46 3 10 20 47 24 9 15 25
1     7   255   12 1 39 2 22 33 19 3 32 23 32 4 47 9 40 9 14 18 42 15 20 28 6 48
1     2    49   43 46 9 39 19 19 3 41 50 26 32 7 25 5 23 29 7 48 3 46 16
1     8   294   34 26 44 22 34 49 8 29 23 44 29 21 25 14 21 29 10 6 37 48 25
1    12   346   22 30 1 43 29 22 1 9 11 11 18 4 16 29 5 14 28 10 43 16 27 46 30 13
1     9   248   14 44 21 11 2 20 4 1 22 38 19 13 6 19 41 20 16 18 28 12
1    17   400   39 2 29 8 34 13 24 22 21 16 44 5 42 18 22 20 3 30 20 4
1     1    37   28 11 8 11 14 1 2 41 6 8 34 9 10 31 17 8 16 37 27 21 33
0    -2   609   15 18 42 47 37 30 20 44 38 16 24 19 48 7 34 8 23 37 47 16 41
1     5   178   8 2 19 20 15 15 7 40 38 34 37 24 3 24 32 10 39 17 23 24 6 34 1
0    -1    15   37 45 49 39 12 35 12 14 36 44 44 30 18 19 21 16 6 5 28 18
1     6   238   9 18 16 16 33 35 47 15 32 47 5 36 16 11 28 9 6 23 29 50 37
1     2    51   39 30 50 44 9 25 12 33 49 14 13 40 31 15 2 35 48 34 21 42 26 3 36
1     6   191   42 29 13 19 39 4 1 41 12 7 21 2 33 7 20 22 20 45 31 15
1    10   389   2 38 9 40 27 26 18 8 17 40 14 46 32 33 29 37 41 49 1 43
1     2    52   19 34 14 10 50 29 42 40 46 31 9 23 1 34 39 36 39 15 11 45
1     1    13   33 11 13 6 43 13 32 38 19 37 44 17 34 12 50 39 26 43 8 34
1     2    10   14 12 5 50 22 9 2 33 48 5 12 24 16 47 38 39 33 43 14 41 4 15
1    12   390   1 16 25 34 46 12 27 2 22 46 25 11 47 38 8 10 15 45 11 43
0     1   589   6 27 37 49 8 38 9 12 45 45 26 31 24 34 12 18 29 38 44 2 15 17 28
1    13   402   4 21 20 44 25 2 15 35 49 28 36 36 23 14 18 25 27 28 8 36 25 18
1     8   329   45 32 42 4 35 27 15 12 2 6 42 6 40 1 31 1 5 26 36 33 47 37 46
1    11   416   14 43 18 42 44 1 45 41 22 14 27 30 29 17 3 36 38 16 6 24 39 40 28
1    17   493   20 11 35 38 21 48 48 2 37 27 27 1 14 16 24 16 42 3 31 26 15 3 41
1     4   156   7 40 38 20 43 13 24 9 35 40 11 11 13 28 31 13 13 49 11 44 3 33 14
1    19   538   9 44 27 4 11 11 17 17 31 22 8 46 25 50 9 22 44 18 28 10 48 16 11 50
1     5   205   22 36 33 21 34 43 19 50 25 18 13 35 6 23 22 19 33 23 41 42 9 20
1    10   389   11 22 37 44 10 3 50 28 43 43 4 23 50 7 40 49 12 22 11 21
1     5   179   47 19 31 37 16 26 12 12 50 2 32 41 18 42 28 27 33 7 33 31 47 27 29
1     3   134   37 7 36 4 38 48 48 3 34 14 8 36 23 38 25 9 40 27 33 15 50 11 21 33
1     7   303   50 46 4 43 6 21 33 40 32 13 29 42 8 16 49 14 3 2 33 27
1     3   111   9 3 20 2 9 27 34 3 23 5 21 32 29 24 29 3 35 9 38 28 19 48 27 22
1     6   236   32 7 39 6 29 13 41 17 36 41 49 11 6 50 2 7 10 31 11 29 27 48 15 2
1    18   560   43 34 28 36 39 9 25 1 48 34 35 10 9 31 2 30 50 24 45 31 5 24 5
1     5   225   43 21 41 46 40 25 42 47 39 43 16 4 47 8 43 9 43 41 1 40 3 22 29
1     3   106   28 18 40 24 3 7 41 23 38 23 12 10 22 27 14 34 42 14 19 8
1     4   155   49 6 33 19 24 32 3 40 43 47 25 42 40 33 40 40 11 8 37 22 44
1     8   281   40 1 45 17 43 33 15 7 32 17 8 27 3 28 2 45 39 26 10 14 9 39
1     3    71   41 21 44 6 21 39 22 20 35 25 11 25 14 4 29 35 3 15 47 16 26 10 25
1     7   301   35 45 17 40 45 24 37 48 16 13 18 48 26 21 31 45 41 10 8 18 30 23 49 5
1     1    12   26 9 50 35 13 12 27 26 9 31 20 1 12 1 9 11 20 16 46 8 28 39
1     4   114   40 40 29 28 44 8 5 17 11 23 3 48 9 44 13 40 13 39 4 7
1    15   477   32 17 22 9 19 7 20 31 4 40 42 16 11 1 41 38 30 24 13 43 41 31 33
1     3   127   46 36 45 1 19 36 27 14 30 23 34 48 10 4 4 35 27 31 4 35
1    15   531   27 27 38 40 34 28 25 40 23 50 18 44 38 41 27 48 12 10 5 38 24 3
1     6   226   39 15 2 41 33 3 26 6 14 11 12 32 36 2 17 13 31 50 25 14 16
1     5   199   1 24 18 12 7 48 36 33 28 48 7 13 49 33 41 13 50 8 48 3 28
1    15   508   4 7 9 49 7 41 27 35 43 27 5 42 41 9 17 31 15 40 24 47 48
1     6   202   31 3 45 45 17 23 23 20 8 34 45 13 12 24 5 10 27 7 19 16 31
1    16   358   4 27 15 28 37 4 2 19 11 11 12 10 10 39 12 29 7 14 45 14 28 20
1    14   532   40 8 33 37 47 35 7 25 24 46 9 32 47 4 50 1 40 28 15 34 25 2 7 49
1    10   317   20 17 24 11 29 4 15 38 29 25 22 27 44 16 46 14 6 5 32 23
1     7   280   18 33 3 6 1 49 45 1 37 44 33 35 17 41 9 32 37 41 48 24 16 42 40
1     3   128   15 16 4 44 15 29 27 32 42 36 14 14 7 28 42 3 21 42 33 47 18 1 4 15
1     5   176   34 21 24 29 39 16 27 17 9 17 2 50 12 41 17 39 43 23 39 24
1     4   146   37 38 24 38 9 46 5 28 12 37 39 11 12 32 34 38 26 48 28 41 41 23 4
1    11   363   4 14 20 24 22 48 42 28 47 2 18 33 39 24 37 2 39 27 8 12 2 14 1
1     2    82   37 28 12 48 2 40 20 7 3 49 21 23 22 12 27 19 15 21 40 12 13 34
1    15   351   21 7 6 3 1 24 34 27 11 6 36 46 38 21 33 13 20 12 11 4 4
1     9   367   28 22 49 28 37 44 2 46 40 36 41 28 14 26 3 42 27 12 47 2 12 21 33
1    13   431   1 25 16 39 47 42 32 34 21 4 33 6 1 29 9 11 39 10 4 27 21 23 46 21
1     3   117   34 20 48 27 19 5 18 10 47 10 4 28 22 5 3 6 34 38 1 42 22
1    13   411   8 37 32 46 26 41 16 32 6 15 14 36 40 30 18 2 17 29 34 3 19
1     3   125   2 5 48 16 14 31 31 36 13 39 3 21 22 33 49 20 8 28 41 27 41 6 2 43
1     8   309   18 46 10 47 44 1 14 44 11 13 6 29 30 11 34 11 21 46 50 13 21 23
1     6   229   4 10 26 39 16 44 6 11 27 37 34 21 40 24 33 19 47 16 34 29 46 45 22 3
1    23   640   21 27 50 36 22 48 37 46 40 14 46 23 17 24 44 27 36 9 38 7 1 19 8
1     1     6   16 7 42 46 6 27 29 22 1 44 43 39 7 33 45 37 32 29 29 38 41 28 50 5
1    13   440   17 1 35 35 20 38 28 7 25 1 4 17 45 45 27 39 18 1 26 46 39
1     9   354   37 19 36 39 37 15 26 16 30 35 44 43 3 39 18 41 38 45 38 8 50 2 13
1     3    93   42 6 5 7 21 12 40 13 14 7 18 19 34 9 48 16 11 4 50 46 35 17 16
1    15   520   33 46 31 28 30 13 7 14 29 45 17 16 43 11 37 34 39 23 5 38 32 44
1    10   417   49 19 42 39 37 44 18 29 18 5 35 21 1 40 36 32 14 49 3 48 40
1     3    99   34 24 24 15 38 20 4 19 40 17 8 48 24 3 31 40 32 5 15 13 1 13 19 31
1     3    92   17 14 41 16 6 5 1 1 2 48 40 3 5 50 15 40 33 6 34 36 45 38
1     2    49   47 2 29 36 21 18 16 47 15 27 29 47 31 48 18 38 21 50 3 11
1     7   269   36 15 48 1 21 15 47 4 15 39 3 34 14 47 33 15 33 29 45 26 26 42 4 21
1     4   139   47 15 39 40 21 49 22 18 1 30 34 5 36 28 20 48 25 14 13 19 16 9
1    10   309   25 12 28 16 11 47 22 21 28 12 23 3 48 14 17 18 8 43 48 14
1     9   302   38 16 21 11 9 27 4 50 25 2 21 28 8 36 45 23 15 30 9 39
1    13   434   19 15 27 33 41 29 22 33 40 4 42 27 35 28 24 27 16 28 10 26 49 13
1     2    53   45 9 28 32 41 9 24 1 1 6 29 37 50 20 32 21 30 25 37 32 43 14 16
1    14   437   37 10 47 22 20 17 45 44 12 12 32 10 18 17 45 25 44 15 11 45
1     4   185   20 15 2 19 45 49 35 13 21 47 13 24 3 9 19 48 36 19 32 49 32 40 31
1     2    89   6 31 7 40 1 49 5 4 23 5 10 2 47 10 34 40 33 13 10 41 16 11
1    18   592   32 20 30 48 40 17 20 39 42 10 42 9 27 41 8 30 47 49 37 5 29
1    11   354   30 27 27 12 22 48 27 25 3 34 22 41 19 41 38 5 4 9 6 39
1    13   480   21 45 6 39 28 29 34 37 2 46 42 34 5 4 11 50 32 33 48 31
1    14   408   5 19 37 15 4 12 11 36 15 20 43 32 18 29 5 4 6 35 13 48 50
1    15   513   41 8 8 27 45 23 22 14 42 20 15 45 39 22 5 7 9 48 40 42 50 18
1     2    12   34 20 3 48 20 27 41 27 34 1 31 49 8 13 22 11 6 14 30 29 14
1     2     7   1 10 23 41 3 32 22 25 31 39 48 24 50 40 46 11 31 27 14 29 6
1     7   249   34 28 10 44 28 44 1 47 40 30 28 35 2 5 15 32 7 35 20 20
1     1    18   48 39 32 12 40 24 20 41 43 32 38 18 32 18 6 47 50 30 43 28 38 15 27
1    15   431   4 31 40 20 18 10 18 16 25 29 48 24 34 6 3 39 18 35 13 33 8 28 10
1     4   131   16 42 8 40 21 11 10 36 22 29 5 30 36 34 33 29 29 35 35 5
1     5   195   16 45 12 21 31 27 25 36 25 31 50 24 44 5 20 34 45 19 7 46 5
1    21   611   23 43 20 49 25 7 47 49 38 32 38 4 38 44 13 7 36 17 32 16 31 9
1    14   556   21 47 47 42 37 46 3 39 6 47 29 2 10 9 13 20 38 46 39 37 20 45 44
1     1    46   20 24 2 21 6 46 17 41 6 38 16 44 7 27 28 50 12 30 42 17
1    10   396   24 44 8 22 11 9 49 45 27 32 8 49 34 33 1 4 27 39 34 21 25 50 23
1     5   183   8 42 25 30 2 34 28 37 39 15 45 5 48 10 32 33 29 3 30 29 26 14 12
1     6   248   17 31 26 23 38 39 45 7 6 27 34 13 49 37 43 26 46 7 46 31 32 17
1    10   360   32 25 20 44 31 8 7 42 5 18 7 22 35 12 43 38 28 35 17 46 48
1     8   257   5 47 1 27 32 15 9 27 35 22 5 35 1 3 10 22 11 36 17 33 35 2
1    10   403   22 36 34 37 25 33 32 20 5 39 26 9 47 48 4 37 40 41 29 48 34 3 35 34
1    18   600   35 20 32 15 13 34 21 20 24 43 23 25 9 35 46 46 24 2 46 50 36 21 3 45
1    12   444   19 33 46 27 43 45 35 33 18 25 17 9 6 46 48 41 6 27 22 38 12 32
1     5   224   36 49 20 21 15 9 33 22 24 27 28 17 29 28 5 40 35 48 38 1 48 38 11 49
1     7   268   18 45 30 9 37 12 49 49 46 13 4 16 46 9 15 2 19 25 14 44 8
1     1    20   17 43 6 2 11 41 20 33 45 29 35 13 49 43 23 23 11 4 8 7 40 7 27 38
1     7   286   9 17 1 37 16 46 48 47 21 45 22 43 8 13 9 11 23 1 38 19 12 22
1     5   194   24 23 24 17 3 21 46 4 42 29 29 32 33 14 29 34 1 49 16 10 3 27 36 35
1    10   408   9 20 31 46 32 35 16 49 5 48 5 48 43 7 23 11 42 2 44 19 17 46 46 41
1     5   201   49 18 38 43 12 22 25 16 17 21 47 8 34 44 39 8 10 40 32 20
1     3   121   25 28 28 23 39 17 47 10 41 6 48 28 23 11 5 39 5 48 9 43 30 50 17
1    16   556   11 38 37 4 50 19 36 10 2 34 3 43 7 34 3 32 45 37 48 35 23 34
1    11   404   13 44 39 19 27 39 2 47 8 26 3 24 40 46 50 28 3 8 7 27 35 25 19 7
1    11   431   43 30 48 19 33 21 25 40 46 26 20 33 7 45 16 44 47 34 16 1 39 20 18
1    10   353   34 32 28 32 15 22 27 19 22 34 2 43 28 9 31 43 32 26 12 44 16 18 48 25
1    13   464   16 43 16 29 5 18 6 27 40 25 33 32 1 27 50 7 47 18 24 48 6 50
1     7   313   20 38 9 46 29 50 24 39 23 38 49 13 1 11 38 44 7 31 44 9 27 14 42 22
1    15   447   4 25 17 2 42 27 33 9 15 33 12 32 45 19 44 17 24 17 42 8 48 6
1     4   135   14 10 42 20 6 33 47 31 3 34 6 19 18 44 39 2 26 30 26 20
1    10   339   19 30 13 6 3 20 46 32 7 18 41 34 20 37 27 22 25 25 5 7 23 3 49
1     4   170   16 34 7 48 41 37 42 42 20 16 32 4 35 7 38 22 6 1 40 12 6 29 25 27
1     6   193   24 20 36 7 40 6 40 30 23 4 33 17 15 29 32 16 46 10 2 7 6
1     8   342   13 30 3 10 44 29 49 50 45 46 4 6 4 7 39 7 43 1 42 15 38 27 43 27
1     3   124   4 43 13 29 25 1 2 3 28 19 2 25 20 1 44 21 1 37 37 32 3 17
1    10   337   35 12 32 18 2 9 42 7 35 13 34 29 26 32 45 38 29 8 31 9 3 29 18
1    18   490   30 45 15 18 17 41 38 20 22 34 3 49 13 42 7 34 19 16 22 13 22
1     8   350   38 17 15 15 2 37 50 15 49 29 4 48 45 21 46 1 40 13 30 39 48 39 25 42
1     4   113   7 38 18 17 27 41 32 25 20 25 6 32 17 12 44 36 26 23 15 1 24 18
1    14   468   21 33 50 25 10 50 14 37 21 31 31 24 28 19 36 32 29 25 11 38 1 3 47 6
1     3   114   10 17 21 28 24 25 33 44 19 7 23 12 35 20 7 8 35 35 25 46 39 43
1     0     0   39 30 9 23 30 38 16 47 17 17 22 44 43 13 24 46 1 44 43 11 12 29
1     7   287   18 6 40 26 44 13 11 16 24 3 9 42 4 40 26 44 42 20 30 8 33 46 45 15
1     2    62   15 1 18 6 26 44 3 17 20 47 11 6 4 41 2 41 35 44 32 9
1    12   376   35 28 37 21 30 20 41 35 18 29 21 23 26 18 45 6 27 30 31 31 2
0     1   574   8 49 44 8 32 5 17 38 9 47 22 41 8 39 1 28 32 47 10 39 18 39
1    16   449   20 18 20 24 17 44 22 18 21 47 33 15 5 36 18 39 15 24 19 7 4 29 14 38
1     4   158   44 24 14 12 12 29 10 25 39 34 19 28 6 48 30 40 24 15 50 44 7 6
1     2    85   41 36 37 7 49 32 7 12 33 19 4 17 27 8 47 5 20 31 7 31 29 25
1    11   389   38 4 30 29 14 26 1 50 17 17 18 36 29 14 34 12 43 48 13 7 7 12 18 48
1     3    99   12 29 49 35 33 3 6 2 17 39 32 42 49 17 25 38 42 3 21 41 41 7 42 38
1    12   479   27 28 34 24 46 5 23 31 44 41 41 15 38 40 34 46 36 16 46 44 35 37 35 13
1    16   537   24 37 15 48 35 27 11 12 15 11 15 36 45 41 8 39 15 46 15 35 38 44
1    17   472   4 47 22 3 18 47 2 32 38 36 33 22 7 8 5 44 41 45 3 23
1     8   261   16 42 37 36 7 18 3 8 18 5 15 36 15 17 16 42 12 9 28 43
1     3   118   5 8 16 3 50 46 1 6 49 14 37 13 1 46 10 23 10 45 37 33
1     4   159   12 8 31 35 2 39 27 36 28 3 27 8 44 37 49 32 38 15 1 46
1     5   175   25 14 15 10 26 42 29 14 39 37 48 34 14 19 10 2 21 24 10 10
1     8   336   5 47 2 42 10 37 42 21 26 1 50 37 27 28 37 33 34 3 5 48 6
1     3    85   26 46 44 3 33 14 25 18 8 31 21 3 45 32 45 27 26 18 38 8 3 42 26
1    13   491   4 28 39 45 49 20 49 25 20 42 26 36 16 5 12 48 44 33 27 41
1     2    73   39 26 1 3 9 47 17 40 48 32 33 45 30 28 42 47 16 30 39 20 38 19 18 25
1    17   549   48 34 48 49 33 34 19 34 30 5 14 27 21 42 21 41 1 48 22 8
1     4   166   24 42 41 47 42 24 43 43 48 43 13 25 50 19 7 27 23 15 9 7 43
0    -1   545   11 48 2 23 27 34 45 13 15 8 31 25 23 27 33 35 17 24 8 14 2 50 35
1     1     4   32 29 12 8 11 21 14 2 4 38 15 2 20 6 4 11 24 16 18 16 4
1     8   296   16 47 26 23 39 6 10 45 7 18 38 1 28 12 29 27 7 19 41 35 18
1     2    90   50 34 11 40 11 43 35 7 10 3 32 12 48 5 10 8 32 6 18 3 12 17 20
1     4   116   9 14 35 12 23 13 23 2 42 21 28 2 26 20 29 25 36 20 36 25 8 37 42 10
1    20   478   12 42 16 33 13 28 17 26 3 13 1 6 30 9 18 29 43 25 4 20 27 46 27
1    12   481   6 17 49 40 17 49 9 29 3 43 49 13 34 5 41 28 8 31 47 28 41 26 38
1     5   185   2 15 26 48 45 21 15 6 30 6 2 47 12 34 43 11 24 27 19 1
1    13   451   33 16 17 18 41 33 33 38 40 7 39 41 5 15 15 23 3 1 49 10 22 21 2 46
1     9   328   6 34 1 38 48 38 7 33 31 29 1 19 42 27 38 2 38 42 50 13 4
1     6   222   11 17 35 48 21 47 21 7 42 25 6 1 35 17 8 9 17 27 14 48 25
1     1     5   5 33 10 30 16 39 2 27 18 14 7 18 48 34 38 41 22 4 27 36 46 33
1    12   433   16 40 33 13 2 19 37 22 16 38 39 47 14 46 33 7 28 23 15 42 38 22
1     6   249   39 2 21 47 46 39 34 29 2 45 35 40 6 17 10 6 12 40 23 7 32 26 40 15
1     2    55   17 43 40 6 16 34 21 24 24 28 34 46 30 50 9 34 23 34 17 28 4 19 39
1     5   200   9 3 2 34 49 22 8 24 39 23 3 20 13 40 2 35 49 34 43 28 49 46
1     7   202   27 33 26 24 27 8 21 20 20 7 25 10 25 21 32 4 42 5 9 4 17 6 4 21
1    18   562   21 50 13 31 16 45 16 1 8 43 20 25 23 15 25 41 2 42 37 50 17 47 1
1    13   527   50 6 50 50 40 39 49 36 19 49 15 45 15 3 36 13 4 43 21 29 5 7 19 44
1     7   240   38 2 46 8 41 14 2 30 19 31 22 29 30 25 24 6 46 31 11 12 6
1     7   293   42 20 43 19 36 20 30 23 13 12 17 34 1 46 11 44 48 21 39 21 5
1    17   498   27 2 21 3 10 4 14 39 50 45 11 45 27 50 30 16 8 49 20 1 27 25 14
1     4   152   8 22 40 49 2 27 16 17 41 8 39 6 17 36 20 2 23 44 9 9
1     4   162   31 9 33 4 50 11 42 10 15 49 16 11 24 29 16 21 18 32 30 24 33
1    11   403   10 9 26 39 42 5 20 11 13 50 6 29 3 24 9 40 39 28 27 43 2 45 39 8
1    20   547   6 6 48 35 12 12 10 21 49 13 29 23 6 26 48 50 20 7 49 1 37 11 45
1     4   161   34 47 36 39 35 50 26 23 6 47 36 36 2 25 13 13 38 20 44 19 6
1     4   161   2 8 18 40 19 2 35 18 12 9 23 9 50 15 11 19 41 27 22 48
1     2    91   45 24 38 1 48 12 31 38 41 50 18 30 47 35 14 1 40 25 44 43
1     8   260   1 26 21 50 28 3 10 8 19 33 21 30 41 11 32 1 16 28 23 13 35
1    11   444   30 43 2 34 49 30 7 15 5 40 48 16 47 28 15 40 40 15 10 37 48 29 37
1    16   557   40 12 1 12 8 28 12 27 30 34 47 49 12 50 42 40 39 25 46 25 9 14 21
1     2    71   31 46 47 24 43 15 30 10 43 1 50 25 46 19 46 37 41 50 35 20 11 46 4
1     1     1   1 20 21 34 12 19 25 2 16 9 4 33 28 39 8 4 14 50 12 23 27 40 23
1     2    33   37 36 34 41 23 26 27 14 10 39 14 40 12 48 21 50 1 14 4 15 42 40 28
1     3    16   26 4 39 10 46 47 17 24 48 31 34 21 2 1 45 18 29 49 28 25
1    14   458   6 35 49 5 20 49 27 19 8 21 4 8 49 14 19 37 33 43 41 23 20
1     3   119   40 11 17 36 25 44 49 18 15 4 7 11 39 27 32 47 4 34 42 34
1     2    94   45 39 9 42 22 12 43 50 16 11 20 32 25 29 11 11 10 21 14 14 24 49
1     9   319   21 28 44 31 18 3 37 14 32 7 36 39 1 30 8 39 18 15 40 27
1    16   503   42 11 3 23 16 40 31 42 13 46 49 41 41 38 16 23 1 33 19 8 28
1     9   335   23 19 44 22 8 42 18 2 1 18 23 48 42 1 3 4 36 9 43 4 47 26 21
1     8   321   14 48 27 5 31 32 26 9 16 24 40 47 42 5 45 21 24 11 32 9 45 35
1     4   166   22 12 50 33 20 19 19 30 33 3 31 25 22 21 10 48 46 32 22 24 4 26 31 21
1     2    80   48 26 47 1 24 28 42 32 21 22 14 47 5 42 18 43 23 19 13 6 34
1    14   507   45 22 12 46 7 35 48 43 14 28 49 19 26 26 2 17 47 35 40 16 7 14 4 5
1     3   118   12 4 47 30 15 16 3 50 34 29 32 27 6 41 19 36 37 5 24 12 34
1     3   107   25 41 22 13 14 34 20 8 23 20 36 30 26 13 6 41 4 29 32 3
1     1     1   6 20 41 29 42 27 28 6 39 30 41 27 23 27 1 26 26 38 15 24 9 11 23
1    11   403   13 39 32 3 44 43 48 48 10 40 23 10 33 10 22 34 16 21 10 1 27 44 27
1     6   208   12 42 31 2 14 32 1 18 9 36 12 11 9 38 26 22 43 45 19 14
1    10   353   15 39 41 39 26 36 35 34 35 27 4 6 46 29 37 21 24 28 2 40 17
1     8   293   29 41 13 41 14 50 40 5 9 28 24 11 16 12 25 37 35 39 23 41 21 39
1     7   251   39 22 42 47 23 20 1 9 23 14 19 10 2 15 21 40 27 22 18 19 25 49
1     3   117   9 43 31 13 38 12 47 46 9 33 2 8 44 22 39 40 26 27 16 49 34
1     4   175   38 48 28 1 25 35 41 18 28 21 10 45 36 23 49 50 25 40 37 25 20 19 34 16
1     6   230   35 7 24 42 46 44 42 12 6 49 38 41 38 39 35 35 16 28 19 12 1 15 39
1     6   246   25 33 1 1 41 45 5 27 35 24 34 17 40 4 32 37 7 50 17 29 30 22 4 16
1     4   146   20 2 40 26 22 26 43 9 44 33 8 17 42 23 11 30 11 13 19 25
1     8   351   27 49 3 49 47 2 2 33 45 3 23 4 43 47 49 39 38 4 44 44 8
1     7   303   26 39 11 13 44 8 44 23 7 11 44 9 20 37 22 21 49 23 4 23 6 9 46
1     2    61   33 7 36 2 19 5 45 45 14 8 17 23 45 48 36 27 10 25 4 4
1     6   254   47 11 48 31 49 44 10 42 11 30 7 40 7 40 35 40 27 26 32 5 32
1    11   362   17 23 39 32 20 25 30 22 27 22 50 5 23 38 16 9 8 16 43 45 18 21
1     8   320   43 9 14 48 3 26 37 32 38 7 42 30 43 4 49 17 47 28 22 39 10 32 41
1    20   582   48 20 4 15 8 36 44 20 48 14 12 8 19 29 31 13 26 10 7 50 40 43 33 38
1     2    57   1 6 37 25 22 10 9 31 20 31 9 7 36 18 17 26 3 32 39 28 20 26 16 26
1    12   367   19 32 6 23 43 1 22 43 30 34 13 9 34 21 20 17 46 4 7 15 10 7
1     7   247   49 33 1 9 26 33 19 24 39 22 22 37 44 35 5 15 29 14 41 15
1    16   611   4 29 45 37 44 36 47 24 48 31 7 50 30 30 7 15 20 8 33 49 29 28 31 45
1     8   291   12 16 22 37 43 2 11 1 23 12 34 36 13 42 20 29 22 43 13 2 24 19 42
1    10   328   28 27 6 24 36 16 3 1 25 20 30 14 46 10 3 33 44 5 22 47 35 11
1     8   345   8 16 27 29 7 16 35 10 37 38 49 47 26 27 50 48 28 23 45 29 19 31 1 45
0    -2   584   17 3 30 28 15 25 45 47 32 24 18 33 42 30 4 32 38 13 34 34 23 26
1    15   390   18 8 39 5 25 7 16 2 33 25 6 24 21 27 27 46 8 24 41 16
1     4   151   44 29 24 23 31 45 15 26 25 40 10 21 19 16 31 36 38 18 43 50 39
1     7   235   32 36 41 2 18 43 9 24 26 23 23 37 32 12 13 19 21 19 18 16 2 1
1     4   174   26 30 39 35 47 4 33 18 48 25 18 21 25 49 30 30 13 1 27 29
1     5   207   9 33 16 41 41 3 21 5 40 10 9 8 44 29 11 16 4 42 39 34 5 29 47
1     4   142   30 9 37 33 41 26 19 38 4 31 33 13 2 17 40 49 7 30 3 27 35 40
1     9   313   15 22 21 24 9 22 17 8 48 3 17 50 31 25 43 29 28 10 23 45 14 29
1    13   471   32 42 31 33 14 46 42 33 37 42 13 1 20 19 42 49 34 23 11 9 6 26 1
1     2    73   14 39 23 49 6 33 30 36 5 48 25 32 26 12 2 48 7 24 45 19 36
1     2    54   43 19 30 32 11 38 28 5 12 11 38 18 12 10 19 20 37 3 33 35 7 49 35
1    16   516   45 30 32 19 42 11 19 7 37 42 38 46 44 3 22 23 3 35 6 22 37
1     5   174   44 17 4 47 23 7 16 48 2 26 17 29 22 10 27 20 48 40 13 4 26 1 47 41
1     5   188   26 18 38 41 20 44 35 23 34 19 22 40 24 46 20 15 36 41 43 12 19
1    10   399   39 16 48 6 3 30 19 3 5 29 30 47 37 39 18 44 42 19 28 45
1     4   122   12 46 25 31 12 41 49 16 14 21 16 13 46 17 28 40 29 39 49 14 12
1     2    37   6 30 8 6 19 9 36 15 34 47 38 12 30 19 9 29 7 17 50 43 10 48 18 12
1     7   323   47 44 47 14 39 9 50 1 15 35 44 13 36 47 46 37 2 14 42 35 4 1
1    11   371   15 19 31 40 46 47 6 4 44 19 21 30 18 25 38 37 16 32 10 15 10 27
1    20   597   7 26 37 50 2 13 50 33 32 40 15 49 39 21 38 20 6 47 2 29 43
1     3   125   35 40 34 50 41 1 48 30 39 9 43 21 26 40 10 14 34 3 22 31
1     4   132   19 18 40 33 41 32 29 39 34 29 7 16 37 24 35 10 49 32 17 32 17
1     7   278   19 29 40 47 4 34 16 43 50 17 11 50 41 44 18 26 34 27 10 41 7 5
1     9   341   25 36 22 42 16 32 17 41 8 28 21 11 39 19 44 36 44 40 8 45 44
1     2    68   20 23 42 33 22 45 39 7 18 11 31 20 14 35 46 21 38 10 42 20
1     4   171   25 42 45 13 13 8 39 40 33 14 4 42 50 37 22 29 13 46 35 34
1     4   148   36 15 18 22 34 19 45 37 25 28 30 7 43 19 30 7 22 40 23 45 42 17 36 19
1     7   284   48 23 38 44 44 36 37 35 29 34 24 48 11 45 31 4 17 19 44 41 7 50 43
1    11   471   27 8 22 50 39 32 9 42 48 46 43 18 35 50 17 47 25 13 42 13 23 28 29
1     4   130   16 28 7 50 33 36 26 13 20 11 30 48 20 33 15 13 33 19 11 23
1    15   487   40 25 11 10 24 45 48 5 26 48 14 33 3 7 33 36 20 7 32 5 26 37 30
1    14   450   16 17 3 7 32 35 12 19 19 35 3 21 22 28 9 46 27 42 37 12 50 6 26 46
1     2    90   8 38 2 47 36 17 6 50 1 20 37 40 27 50 19 25 2 18 9 44 45 3
1     2    54   17 50 38 19 35 28 5 41 37 14 16 18 6 43 21 23 5 34 2 5 6
1     2    82   40 4 25 4 39 5 30 22 35 17 41 23 3 39 33 21 39 9 9 42 12 17 27
1     4   143   9 33 7 36 28 47 32 42 17 23 18 39 17 34 7 22 8 24 12 26
0     1     1   16 40 8 43 46 36 30 21 31 22 16 43 32 44 17 15 12 20 8 11
1     2    43   3 22 36 30 25 10 28 6 6 11 26 10 13 39 25 13 46 29 39 9 10 29
1     2    19   47 3 33 6 50 28 7 34 5 31 46 31 37 3 26 34 23 14 28 30 34 44
1    17   560   27 27 12 19 4 15 46 29 39 1 34 30 35 46 43 15 38 12 46 43 17 9 34
1     3    77   1 16 29 27 36 18 13 24 18 40 43 3 28 31 28 3 20 19 10 20 39 31 5
1     2    68   28 24 25 26 48 38 19 47 38 1 28 20 15 25 15 23 35 23 50 33
1     3   107   10 18 34 30 12 10 14 19 37 1 50 42 4 36 30 37 13 23 39 2 35
1     4   162   6 22 24 29 16 36 20 29 48 49 22 4 24 12 16 38 6 7 17 48 6 33 25 3
1     7   257   37 35 6 27 30 10 10 36 23 6 48 43 18 30 7 43 1 43 22 1 33 2 23
1     3    17   41 32 39 28 7 37 33 5 16 23 36 42 5 6 47 4 9 37 2 7 48 2
1     1    19   19 8 18 21 18 31 7 16 5 19 23 36 10 14 45 45 32 42 41 38 12
1     8   283   32 46 29 21 27 31 8 31 8 44 8 26 45 23 13 12 9 20 1 43 19 1
1     3   135   7 49 6 37 28 34 2 44 32 22 33 48 10 42 20 50 42 25 20 13 20 1
1     5   203   41 19 12 20 37 27 39 10 47 32 29 47 23 12 48 37 10 45 11 45 22 45 2 46
1     6   215   24 16 36 2 4 6 4 44 35 23 10 1 28 33 3 12 44 26 18 38
1    12   449   11 41 44 41 31 28 7 47 6 33 45 24 50 30 24 31 9 35 48 5
1     1     4   4 35 34 29 34 14 6 44 47 25 27 23 37 8 32 27 3 23 42 1 1
1    12   392   18 30 49 32 25 28 21 31 14 36 26 22 45 1 24 41 3 16 25 6
1     5   200   48 42 8 21 12 36 5 31 17 5 31 49 34 36 24 30 12 42 7 1 15 9 50 28
1     2   100   6 48 5 1 43 50 32 2 33 45 31 38 43 27 1 13 10 7 16 5 50 30 4
1     4   170   48 6 16 20 7 38 50 48 26 17 14 45 22 25 16 37 34 18 14 32 44 49
1     3   116   33 27 27 16 50 22 19 10 26 19 1 36 11 10 21 44 21 21 42 13 28 11 32
1     9   409   29 25 3 50 16 35 9 48 27 21 48 34 47 41 6 45 28 28 50 26 1 25 46
1     5   209   23 2 2 29 47 5 41 49 9 25 31 37 29 34 41 1 25 12 30 2
1     6   260   3 47 45 2 17 30 1 47 10 44 47 25 44 34 41 26 47 23 40 40 1
1     9   330   15 1 25 22 34 42 36 6 37 3 13 22 41 18 32 30 40 25 32 21 14 40
1     6   230   36 40 39 10 16 43 20 23 25 31 45 27 9 6 27 45 29 9 28 29 1 7 14 44
1     3   109   35 20 21 31 39 46 38 7 36 14 13 14 7 44 4 2 41 16 16 35 36
1     6   235   20 44 39 25 40 9 45 41 25 19 16 18 50 5 18 39 13 20 29 9 36
1     6   252   14 9 35 11 24 34 30 17 32 22 47 30 47 41 45 23 17 37 26 5 7 19
1    17   491   31 37 43 31 3 43 7 8 23 15 5 10 49 49 10 11 47 16 7 46 25
1    17   584   9 23 18 47 22 31 41 50 22 45 32 47 13 24 6 40 41 3 39 28 20 50
1     7   254   23 16 12 12 49 16 9 8 48 50 17 44 29 7 15 16 3 32 29 21 45
1     7   269   35 19 32 26 32 49 24 37 22 43 47 43 13 10 25 23 27 25 41 27 33 10
1    11   323   25 9 23 21 19 19 14 13 22 43 14 28 29 18 3 13 45 11 4 26 14 22 39
1     5   188   16 6 7 34 46 40 36 21 43 7 33 1 10 43 36 22 42 27 9 9 28
1     7   293   25 44 21 12 20 39 13 31 1 23 4 4 5 18 43 30 40 50 38 35 21 49 40 6
1     1     9   13 6 8 6 50 18 49 11 48 46 22 20 24 20 35 46 42 45 4 16 49 43 9 44
1    11   352   47 26 16 23 22 23 38 27 47 15 30 5 35 16 37 15 9 21 13 23 10 37 10 3
1    10   396   29 45 50 16 10 40 28 3 2 16 14 28 37 37 38 32 44 35 38 26 46
1     7   287   50 34 27 47 48 41 3 17 29 18 7 30 34 1 26 36 45 43 45 31
1    11   424   47 7 29 49 30 6 12 13 42 4 34 11 20 7 50 4 10 49 18 49 33
1     6   258   24 26 20 34 49 47 5 25 44 29 46 8 11 42 8 30 35 8 4 21 29
1    14   468   41 43 29 10 45 4 22 42 45 18 13 7 34 38 12 9 31 1 50 21 34
1    22   535   18 26 4 22 21 18 13 15 47 46 43 5 42 34 17 44 17 26 29 8 6 34
1     2    38   20 11 48 16 20 30 12 27 50 21 26 40 5 14 13 44 16 44 29 44 22 3 42 39
1    18   476   30 42 20 11 23 24 31 24 10 30 40 2 17 8 29 16 12 13 46 15 40 34
1     7   234   8 11 14 23 17 6 46 47 24 6 25 11 4 5 14 13 4 39 35 20 22
0    -1   499   43 37 7 9 37 7 7 35 6 49 18 32 31 5 9 26 29 17 41 22 40
1    10   355   44 2 31 20 35 24 15 43 45 21 1 19 16 6 19 41 35 39 12 26
1    10   362   29 39 13 45 19 44 37 44 5 33 23 13 31 8 35 33 46 15 7 19
1     7   313   19 13 22 8 42 46 25 49 6 35 25 38 28 26 13 30 44 30 47 8 43 47 39 20
1     5   189   6 36 39 11 28 8 34 28 44 12 32 15 37 8 20 19 45 18 27 13 9
1    17   549   41 18 29 46 1 50 15 40 47 29 14 40 47 11 34 23 6 5 35 40
1     4   153   3 13 32 31 7 19 24 9 9 32 11 44 6 35 44 44 7 50 38 25 2
1    15   481   38 2 17 34 4 23 1 29 50 24 7 23 33 38 39 45 5 38 26 21 6 9 32 28
1     6   231   44 28 13 30 20 15 16 37 24 43 37 39 6 31 25 26 10 8 50 5 27
1     7   261   39 21 7 26 27 1 3 25 19 32 47 45 1 20 16 20 20 30 48 2 44
1     2     9   32 10 21 11 14 15 48 5 33 25 7 43 38 42 31 26 22 26 45 33 43 4 15
1     7   236   48 15 2 6 26 27 20 35 1 15 35 9 21 2 35 21 22 43 38 7
1    15   431   23 41 8 9 18 14 7 32 30 21 38 15 37 25 10 22 24 17 46 2 47
1     9   336   43 47 39 21 41 10 29 38 3 41 46 16 39 30 20 15 27 4 28 39 31
1    10   436   43 50 25 46 42 25 3 23 46 2 50 39 40 24 20 31 46 16 43 22 38
1     3   133   39 47 15 38 35 20 49 37 30 27 1 9 40 48 50 13 46 27 38 23 13
1    13   455   32 43 1 3 23 23 39 2 5 34 35 3 11 41 44 41 20 37 43 8 45 7 26
1     6   223   20 6 47 6 47 20 24 34 41 2 32 32 3 21 33 23 47 45 44 22 35 42
1    10   405   37 29 41 38 2 10 35 44 14 19 29 22 24 45 15 45 47 38 7 38 16 45
1    13   477   22 19 49 31 43 46 35 3 49 29 37 13 14 5 26 43 41 22 34 44
1    10   380   43 10 41 25 36 6 13 32 15 39 35 31 45 31 38 47 6 21 43 9 10
1    14   410   17 4 46 11 1 17 50 13 16 17 5 50 39 27 36 3 17 14 21 49
1     5   169   28 3 33 32 27 21 13 27 22 40 19 45 5 9 23 43 28 18 12 1
1     7   263   28 48 3 13 25 9 15 11 13 1 24 17 1 14 48 41 39 45 12 45
1     7   260   11 23 7 30 7 6 49 34 38 30 22 2 28 9 21 24 37 28 48 14 13 48
1     3   126   36 22 37 20 3 34 30 18 29 42 41 2 38 49 20 17 25 21 15 32
1    14   481   22 43 27 18 15 35 1 41 18 20 33 11 43 37 50 5 42 12 13 40 24 25 23
1     5   197   10 41 36 21 4 35 47 25 49 46 26 50 26 34 15 21 38 38 41 37 33 38 23
1     9   356   9 47 35 6 15 44 38 4 9 27 26 32 14 46 3 46 11 9 20 50 7 6
1     4   185   49 4 29 27 16 23 25 44 49 8 12 32 23 50 1 35 22 3 16 49 42 22 22 24
1    14   433   25 26 47 37 40 16 26 20 7 26 48 37 28 36 34 15 22 5 17 15
1     5   221   48 6 16 11 22 42 23 41 23 30 30 27 43 47 14 49 2 17 40 22
1     3   115   3 2 49 26 3 35 39 17 7 30 25 27 45 15 25 48 22 21 47 34 1
1     3    91   24 32 30 18 41 34 2 34 33 48 9 22 31 17 9 4 42 15 10 4
1    11   424   12 22 45 22 9 8 29 37 46 43 9 41 22 28 3 20 14 22 34 43 47 9 29 39
1     6   219   27 14 4 37 1 5 40 17 30 3 33 2 8 34 44 34 9 12 31 12
1     9   326   10 50 4 28 32 33 4 41 34 18 11 9 37 44 26 21 30 30 2 22
1     3   126   18 12 6 27 22 10 40 45 16 25 8 13 44 28 20 8 40 40 25 26 33 48 19
1    14   473   45 17 19 49 30 35 37 1 33 23 10 17 37 41 6 47 41 6 5 13 32 13 28
1     7   285   44 31 22 42 36 34 42 14 38 2 7 6 23 33 46 49 20 29 45 49 12 27 45
1    16   507   19 23 29 40 25 48 25 48 34 42 26 16 19 31 32 8 43 22 22 34
1     7   312   24 40 31 34 49 7 14 50 28 35 28 49 44 34 3 27 29 30 10 46 43
1     3    94   3 20 34 45 19 50 42 13 50 20 16 33 27 39 25 46 39 24 35 4
1    17   393   13 42 27 10 3 3 6 36 10 37 29 34 27 40 18 7 44 2 4 11
1    15   499   49 26 6 19 4 27 28 28 14 31 36 24 25 7 4 39 13 44 41 34 17 50
1    16   445   21 14 17 24 36 7 1 40 19 14 11 7 17 23 23 22 24 44 44 15 38 46 14 7
1     1    36   36 43 25 2 13 31 33 14 26 17 18 10 26 27 49 2 10 15 11 46
1     2    51   10 24 25 49 17 34 18 2 47 19 25 50 18 6 4 20 23 12 34 47
1     2    25   36 10 10 36 15 10 10 36 32 34 45 32 28 8 28 33 18 44 28 46 22 8 9
1     2    85   48 38 38 35 49 37 26 42 5 29 41 21 32 8 29 43 8 12 10 37
1     5   181   5 37 42 9 43 18 3 50 2 26 4 41 18 14 28 22 34 28 9 16
1    10   388   31 48 12 29 38 40 17 43 50 45 7 28 48 2 26 11 5 4 35 40 37 28 23
1    15   419   33 25 21 47 28 36 8 5 22 12 18 21 20 47 1 8 50 11 21 9 35
1     6   274   45 12 21 49 25 29 14 16 47 46 26 41 31 37 43 47 41 40 19 27
1    15   532   21 6 40 24 10 41 46 38 43 4 42 49 3 3 41 39 44 24 48 19
1    11   332   32 4 1 25 18 39 16 30 12 9 22 2 5 20 1 32 43 39 27 38 18 15
1     8   306   20 27 29 31 31 43 17 38 24 24 35 4 14 17 8 49 31 23 41 44 16 30
0    -1     2   50 40 3 13 19 28 12 39 16 30 22 34 12 38 25 29 18 32 50 16 13 32
1     6   217   43 1 29 10 27 32 28 36 8 19 37 4 7 48 12 6 14 21 42 6 36 2
1    19   573   21 13 12 24 32 47 42 21 14 16 48 28 50 4 34 25 38 50 10 29 31
1     3   102   22 32 22 22 6 8 50 7 11 23 31 21 4 42 42 29 41 19 4 26 4
1     5   191   24 31 43 3 43 44 2 10 37 35 26 20 18 23 48 8 15 13 5 17
1     7   273   5 5 26 15 31 8 32 16 37 45 34 32 21 24 7 43 50 12 35 41
1     2    39   46 21 32 44 31 49 41 24 14 35 9 49 47 16 31 41 28 49 7 22 22 38 14
1     5   180   18 39 11 25 27 28 36 27 35 37 48 7 3 11 32 2 18 10 8 2
1    10   402   50 10 9 11 21 38 36 49 36 22 42 10 3 26 45 4 1 12 1 29 13 47 38 10
0     1   520   33 45 20 45 35 40 25 27 30 15 20 15 49 7 10 3 3 37 18 30 18
1     9   290   2 29 22 2 9 19 13 50 37 27 31 11 18 6 9 45 13 32 18 31
1    12   427   2 33 45 13 6 25 21 18 43 47 14 45 9 26 41 1 46 11 37 12
1     8   300   1 23 3 21 29 7 41 32 45 28 38 47 25 24 5 30 17 42 21 47 37 39
1     7   285   32 7 6 46 32 9 20 19 2 37 13 37 6 48 46 44 45 10 21 13 28
1    12   457   15 14 35 24 33 32 38 36 40 24 48 38 45 45 16 32 42 19 28 30 24 39 33
1     6   225   35 48 29 6 27 47 17 11 17 25 16 39 17 18 50 46 6 21 14 20
1     6   201   26 6 38 33 31 37 46 22 34 27 25 23 24 41 9 4 24 8 9 17 36
1     8   301   1 40 37 28 44 9 31 47 14 20 25 31 9 34 12 23 17 48 41 14 21 1
0    -1     1   43 28 24 2 24 19 43 44 49 10 17 29 34 47 4 37 36 14 49 22
0     4   630   38 49 16 20 22 26 40 18 22 25 38 14 43 47 23 13 4 47 18 17 16 35 48
1    11   361   35 44 20 9 41 29 8 46 19 31 4 4 15 3 50 10 14 10 35 4 9 39 2
1    21   595   31 28 4 40 48 40 24 14 19 30 35 29 43 23 13 2 15 26 32 26 32 32 32 4
1     9   346   19 4 21 13 44 49 22 13 12 39 3 15 25 17 46 36 13 2 47 8 47
1     9   354   25 47 21 48 44 45 13 6 20 10 49 25 33 14 1 3 36 31 4 23 27 38 13
1    19   558   4 17 38 50 14 10 6 31 38 41 30 3 12 26 23 5 38 34 48 10 5 48 44
1     8   269   2 45 5 41 13 31 12 10 35 3 5 20 43 1 22 1 2 30 12 38 19 43
1     1    41   3 25 17 8 19 27 47 41 13 19 10 24 33 14 30 37 34 47 42 26
1     8   300   29 4 32 23 39 39 22 16 45 9 40 21 50 14 23 21 36 22 47 27
1    15   478   40 29 12 27 34 28 42 6 17 33 21 25 27 48 4 27 10 49 24 19 44 27
1     3   118   21 26 16 39 42 42 6 37 28 44 47 29 7 13 21 6 26 31 36 18 3 26
1     3   112   6 40 46 39 39 13 26 17 38 25 7 32 29 4 33 34 12 6 3 19 8
1     6   239   37 28 17 36 30 21 48 28 1 25 42 35 1 26 48 3 4 5 35 15 35 18 14 39
1     2    68   18 38 45 48 40 31 16 20 31 16 30 1 21 48 31 14 20 32 10 19 41 4 3 5
1    15   434   44 8 22 50 34 11 8 15 38 11 25 46 2 2 7 37 40 16 10 18 31 12
1    13   447   48 28 27 20 36 7 28 13 18 9 46 21 37 7 36 35 20 41 30 7 21 43 12 9
1    10   363   33 45 26 6 20 50 33 26 17 20 49 40 18 16 29 45 34 7 37 15 17
1     8   303   11 49 18 34 15 8 2 36 17 1 48 25 30 49 42 2 3 40 23 9 17 38 15
1     8   281   37 6 3 9 3 38 40 12 21 43 8 13 11 41 20 42 1 10 37 24 11 36 5
1     2    52   35 27 41 38 10 7 3 13 29 26 42 34 33 14 34 31 41 9 46 5
1     6   255   45 29 37 48 23 2 40 16 11 50 28 12 18 5 30 35 48 11 4 3 5 24 38
1     8   265   9 3 12 35 26 21 7 3 34 1 33 27 32 12 50 2 11 7 15 37 25 26 15
1    11   390   7 7 1 29 48 6 27 24 50 36 43 43 23 30 12 32 23 39 6 1 21 7 41
1    10   353   36 26 29 30 24 16 45 11 6 9 23 23 23 23 13 46 44 41 42 22
1     2    98   49 44 40 16 17 33 33 19 4 16 30 24 43 41 2 50 14 35 48 8 22 3 40 15
1     8   350   48 4 38 3 14 50 40 48 13 2 5 49 28 14 25 44 34 7 32 43 19
1    17   414   46 6 37 5 35 17 21 11 27 8 23 8 19 5 11 12 13 7 48 35 45
0     1    11   32 20 20 48 37 32 10 28 24 6 41 16 4 6 27 35 26 13 23 21 29
1    11   419   6 1 11 7 2 15 41 42 39 30 15 46 36 49 39 33 38 17 47 14 49 13
1     3   143   26 34 40 3 28 30 32 48 29 39 44 49 41 2 20 45 30 24 1 13 16 46 15 46
1     6   227   19 26 3 37 13 18 32 30 3 24 39 21 43 6 42 20 28 43 32 15 47 27
1     1     2   25 31 41 5 42 3 42 2 4 13 48 5 3 30 50 40 43 6 18 35 38 22 3 19
1     8   315   4 26 28 50 3 17 35 42 50 28 26 37 22 14 46 40 36 9 1 15 6 10
1     2     8   14 10 39 16 20 3 1 12 42 50 3 22 41 29 50 26 48 35 2 41 6 14 12 32
1     5   160   6 29 30 16 26 3 9 38 41 36 1 44 2 40 25 11 1 15 32 4
1     1    14   26 42 36 32 39 5 22 45 28 48 34 37 34 26 25 44 6 34 14 15 13 24
1     3   114   42 11 24 6 14 1 42 39 31 38 24 44 4 28 29 18 1 17 45 37 50 32 12
1     9   321   29 18 17 49 49 14 44 16 24 33 34 25 25 20 10 2 1 43 28 11 15
1    14   453   18 6 24 33 50 21 4 33 12 3 31 24 15 44 23 38 20 33 32 19 33 34 25 34
1     7   210   8 31 23 17 17 35 20 19 38 20 41 26 10 15 24 9 1 3 2 18 11 36
1    12   371   19 45 24 27 9 39 38 32 19 43 34 20 2 22 14 13 12 14 37 19
1     2    16   23 5 40 4 34 1 19 24 46 1 31 12 48 42 9 17 1 12 20 22 13 4
1     2    12   41 5 39 45 15 18 20 44 29 2 3 43 25 5 40 21 9 24 28 4 38 3 8 48
1    11   421   37 28 46 21 48 33 2 8 46 36 29 48 42 33 3 8 6 22 28 7
1     7   273   21 23 7 8 50 34 23 22 19 13 49 45 26 29 11 48 28 13 5 43 31 35
1    11   346   30 34 35 30 5 9 41 33 19 11 5 22 37 17 6 8 42 13 29 6 1
1    16   406   50 2 34 1 12 32 2 26 32 3 7 32 21 11 12 43 27 10 10 30 10 27
1     8   301   39 29 15 49 4 39 27 26 15 31 2 24 10 24 42 29 27 7 49 34 3
1     8   314   14 5 50 43 46 21 39 12 14 49 14 45 37 11 20 32 27 2 6 1
1     6   238   50 3 17 27 16 40 46 11 28 22 14 26 50 37 17 39 19 9 31 19 44 15
1    11   394   50 9 29 28 26 23 29 21 29 42 1 28 39 17 28 23 3 28 44 46 14 7 8 34
1     2    68   26 21 47 24 9 2 37 1 26 19 14 46 14 49 29 37 36 29 24 10
1     6   252   31 48 30 19 29 32 24 31 29 50 44 24 6 40 46 46 45 31 46 16 20 41 34
1     7   315   34 50 20 20 39 29 50 44 31 45 48 16 10 3 44 31 45 35 7 18 33 17 28
1    17   397   13 8 43 18 11 3 16 38 6 6 27 28 12 12 24 40 26 7 4 12 31 33 19
1     2    67   17 8 3 20 44 16 38 29 45 39 17 31 27 25 40 6 34 32 15 19 31 36 28 21
1     4   154   24 42 15 39 35 22 2 25 46 30 20 35 41 48 10 35 14 1 49 15 44 30 1
1     4   126   32 8 20 10 1 31 7 16 3 38 47 9 33 23 28 27 10 11 39 7 7 50
1    13   479   46 47 26 31 2 20 29 25 28 7 31 46 22 35 24 13 5 40 31 49 35 5 22 31
1     5   242   13 41 15 14 48 7 30 47 30 16 50 15 2 19 2 22 7 49 24 3 1 46 50 49
1    15   475   1 6 33 20 48 8 37 31 34 23 15 13 13 2 23 38 36 20 47 28 34 36 14
1    10   358   26 31 45 14 12 27 10 12 25 26 45 27 23 30 44 26 25 37 33 40 5 2 12
1    10   336   13 22 22 11 35 17 45 30 36 27 22 34 5 17 42 47 15 17 30 14 21 24
1     5   208   21 18 9 31 14 47 32 34 45 21 28 15 34 9 26 20 9 48 13 38 23 39 40 45
1     2    18   49 41 28 11 45 3 12 1 16 47 3 31 16 47 16 7 37 25 4 46 8
1    18   595   33 41 30 30 25 49 49 50 35 44 29 24 27 6 17 11 20 48 10 40
1    17   484   14 49 1 29 27 8 14 35 23 22 2 26 39 36 36 39 5 1 7 39 44
1    10   297   19 15 5 14 32 37 27 20 7 27 23 41 14 31 26 40 1 29 15 22 8
1     4   153   36 19 48 36 38 41 40 30 45 22 44 27 32 42 5 41 43 19 11 35
1     4   143   43 30 35 1 10 42 12 16 41 3 30 9 35 48 44 35 22 26 30 24
1     2    54   46 16 25 42 33 15 13 26 43 39 49 38 9 47 49 9 24 25 26 7 37 5
1     2    77   23 45 44 28 34 14 39 17 2 19 47 11 32 14 47 16 16 25 46 2 18 50 10 25
1     8   315   40 43 48 37 19 46 3 41 4 24 44 26 14 13 36 33 45 10 13 39 23 9 12
1     5   170   34 6 15 37 29 9 28 25 30 14 29 7 40 3 49 42 12 2 23 35
1    10   360   17 18 31 41 48 28 16 34 7 2 12 14 14 48 22 44 29 29 36 41 7 10
1    16   562   48 27 18 45 50 32 23 49 23 38 14 37 12 40 9 19 29 25 16 17 49 35
1     3   123   21 38 49 8 50 1 31 21 39 42 6 22 37 5 38 47 15 50 39 10 11 45 45
1     8   265   8 46 17 17 5 29 45 6 36 13 15 42 4 8 17 46 16 20 2 10
1    10   413   40 48 22 50 14 27 35 47 2 42 39 41 32 1 31 31 41 44 28 38 44
1     2    56   30 10 26 11 3 14 36 33 37 42 4 20 1 10 23 14 25 39 35 43 42 43 15
1    15   455   25 27 22 4 33 1 32 50 10 25 36 14 33 8 28 38 35 20 42 38
1     5   184   40 26 28 15 40 41 16 30 16 5 22 30 32 1 48 5 24 21 22 43 24
1     9   376   38 10 9 38 3 46 47 48 5 3 2 3 46 44 15 47 48 30 34 18 20
1     9   343   40 17 21 31 3 27 45 15 37 46 16 20 25 17 11 28 50 36 7 32 32 28 46 18
1    13   510   44 14 8 45 1 24 49 34 6 39 28 49 27 40 11 15 41 48 40 50 4 16 22
1     9   384   47 29 33 24 48 40 11 1 47 27 37 37 13 20 38 7 17 44 48 10 28 21 38
1    13   408   25 28 41 45 13 28 2 6 41 32 3 12 45 21 10 36 30 27 3 18
1     2    55   47 10 15 4 8 26 44 23 11 33 30 40 28 24 43 39 29 36 34 8 25 42
1    13   419   50 21 45 1 35 39 45 48 9 10 22 27 6 30 1 1 8 10 40 7 9 11 25 18
1     2    47   39 46 20 33 32 1 45 33 27 41 48 13 44 32 40 12 3 42 10 13 44 39
1    11   396   3 33 22 33 24 28 11 37 43 33 13 29 14 23 14 18 50 24 40 38 32 9 30 11
1     2    12   45 17 8 47 8 36 45 34 4 24 14 31 20 21 15 30 46 18 2 32 13 1 34
1    19   485   15 38 8 19 48 31 27 43 24 2 9 7 2 50 40 39 37 24 2 18 6
1     3   111   5 40 11 17 5 36 3 28 25 8 39 23 1 43 43 29 40 44 6 42 16
1     8   331   46 30 47 27 32 12 43 12 3 18 7 42 29 25 44 49 45 6 23 10 46
1     6   215   44 3 43 17 21 23 49 9 16 37 49 12 14 17 20 4 20 12 43 5
1     9   351   47 32 21 33 11 26 4 1 7 48 36 23 28 49 33 24 46 9 14 31 16
1     3   107   38 25 13 38 6 31 48 18 22 28 7 5 36 33 15 7 22 11 8 47 22 5 7 41
1    11   431   23 1 27 2 25 38 3 34 13 44 50 39 43 37 46 43 14 43 7 4 24 28 41
1     7   302   33 4 50 33 37 42 37 50 44 21 7 25 17 8 18 46 43 30 2 48 38
1    17   510   18 49 13 6 49 12 47 47 16 23 13 16 48 14 42 2 10 42 45 27 10
1     2    96   10 33 33 25 25 24 39 40 50 30 41 26 49 2 29 27 47 1 19 28
1     4   184   47 50 16 47 44 14 38 4 17 46 26 21 17 7 15 41 27 13 7 50 42 12 7
1    14   445   14 49 10 20 38 15 33 42 17 20 48 44 24 10 2 4 25 2 21 28 34 33 3
1     8   294   1 3 40 7 35 38 49 28 25 44 7 3 31 36 30 12 13 3 3 2 4 19 35 5
1    11   355   20 16 10 21 13 24 32 27 17 44 29 33 16 13 9 8 25 3 43 7 34 37 46
1    12   422   34 33 37 19 21 44 11 35 3 6 1 8 40 15 29 27 27 27 15 38 26 42 19 47
1     5   181   27 35 21 11 48 32 12 15 47 30 8 32 3 26 6 1 36 30 44 31 29 4 40
1     3    27   36 11 5 3 39 11 44 25 14 35 15 48 5 31 4 8 43 48 32 33
1     6   268   10 5 46 46 42 44 32 45 6 11 34 43 21 37 22 37 10 43 33 45
1     6   237   24 2 28 48 23 35 42 6 18 10 49 40 20 15 35 12 10 4 14 4 22 35 9
1    20   502   10 19 5 1 31 27 26 4 9 33 2 1 22 37 5 13 36 24 33 44 26 45 48 10
1    14   487   46 18 35 45 17 49 39 4 35 31 4 30 1 2 34 36 44 2 19 42 17 6
1     6   217   20 21 45 36 36 18 41 18 49 41 24 18 36 18 34 17 9 6 29 25 43 10
1    12   392   18 44 13 5 23 21 20 13 9 47 7 29 45 14 36 48 3 28 2 13 35 24 21
1     5   187   35 44 9 12 46 47 24 16 4 13 13 24 4 40 21 22 40 25 39 16 44 26 10 32
1    21   549   28 3 21 7 17 11 21 44 14 9 47 40 44 26 5 13 46 38 18 16 15 45 29 9
1     2    83   29 46 41 1 32 2 10 40 16 40 47 9 41 1 15 10 11 1 36 4 8 2 23
1     9   390   47 33 40 11 47 3 22 13 4 16 49 50 49 38 40 47 20 28 19 41
1    13   391   18 40 2 40 28 34 24 9 12 1 42 15 1 44 20 19 13 40 18 39
1     3    98   40 28 29 38 19 22 35 28 34 8 5 36 26 45 24 39 37 36 49 21 22 16 35 2
1     3    95   10 40 43 49 32 13 49 15 29 22 49 12 5 43 8 28 10 3 10 32 28 22
1     7   259   21 27 20 22 39 8 44 28 26 29 44 31 20 34 1 20 43 49 10 28 4 16 21
1     2    79   35 38 8 4 32 50 1 37 37 50 1 43 42 50 40 32 25 4 2 5 11 32 3
1     3   111   22 45 6 20 5 16 13 17 44 1 20 6 30 13 40 19 29 22 2 8
1     6   234   22 19 48 8 25 30 20 39 11 16 25 27 6 39 20 22 11 29 21 5 18 11 42 44
1    13   455   39 23 8 1 28 44 15 17 26 33 13 50 40 25 18 50 3 26 28 39 30 22
1     2     8   39 34 38 20 12 11 17 23 6 10 49 17 12 6 39 1 28 35 26 2
1    13   453   24 41 2 20 35 21 36 30 45 15 14 14 47 29 16 30 45 43 1 27
1    13   417   31 12 25 34 10 29 42 17 42 20 30 9 34 11 29 2 14 2 47 9 35 42
1     2     6   22 9 42 17 31 35 9 27 34 13 45 1 46 48 10 41 5 49 50 37 46 42 4 34
1     5   213   49 26 9 35 41 29 14 25 1 16 24 44 23 22 19 47 32 44 33 13
1     3    82   22 4 27 5 46 41 40 22 2 16 4 22 38 2 47 48 37 7 31 3 50
1     6   251   43 9 10 42 32 45 34 23 45 37 6 41 35 2 45 39 49 49 28 49 9
1    11   337   2 3 5 39 43 25 18 26 22 16 12 27 1 15 14 40 7 27 26 50 7 30 21 12
1     3   105   34 23 35 17 38 42 4 16 13 42 30 6 34 10 11 34 31 16 32 31 23 18
1     6   208   11 21 16 42 11 10 32 6 10 18 3 34 42 47 29 20 8 7 14 1
1     4   129   25 8 3 19 19 25 37 30 35 23 33 15 17 12 46 12 6 14 24 31
1     5   165   44 17 5 24 16 15 26 18 33 31 20 3 32 8 32 45 24 22 7 32
1     4   153   45 15 28 24 9 2 2 41 16 30 9 35 16 21 50 8 36 23 42 7
1     8   277   24 14 32 34 16 30 23 44 25 42 41 7 21 28 9 3 35 18 24 22 32 16
1     2    72   38 37 19 30 1 8 23 20 50 34 28 39 28 10 49 18 33 20 8 44 43 4 6
1    11   374   43 42 20 33 32 23 24 10 31 7 27 36 17 14 28 47 9 22 7 22 31
1     2    34   22 24 17 25 5 13 18 24 13 15 30 10 2 5 23 47 46 20 11 14
1     6   182   21 8 29 31 16 5 30 34 5 8 38 26 5 2 19 1 10 2 2 47 27
1     2     2   17 8 36 18 1 32 10 7 29 5 47 19 13 35 33 25 1 37 22 40 19 3 7
1     5   184   16 3 40 47 18 37 1 15 26 6 28 43 1 7 3 11 50 8 27 6 15 42
1     2    83   25 27 1 34 32 8 2 49 11 49 24 30 44 3 8 29 13 35 5 38 36 23 27
1    19   510   5 30 14 36 12 13 27 32 34 48 40 14 17 8 50 33 5 10 37 32 34
1     3   106   28 10 18 37 3 33 2 10 18 37 23 46 45 49 46 38 38 16 9 24 32 46
1     3   104   25 20 27 8 43 16 38 28 24 11 36 49 27 44 2 19 28 2 36 1
1    16   606   40 22 24 42 46 2 6 47 32 15 17 50 37 26 48 45 32 44 45 33 15 8
1     9   303   25 27 40 25 8 9 20 30 45 1 44 15 46 11 29 5 28 12 7 25 3 30
1     1    11   30 25 38 14 33 7 33 32 50 6 32 30 43 11 1 43 28 45 33 21 4
1    15   451   30 37 28 25 38 10 10 38 33 10 42 11 36 37 3 19 14 33 20 24 5 19 8
1     4   133   15 3 15 17 42 43 11 26 27 36 8 39 36 1 21 4 40 21 42 32 39 31
1    20   573   43 20 14 13 14 28 17 11 40 35 37 36 4 48 26 26 33 48 11 37 36
1    11   397   43 43 8 49 22 6 11 47 5 36 47 24 18 2 36 5 17 34 37 6 33 20
1     6   246   9 26 28 18 25 12 49 25 42 47 14 49 7 11 30 27 37 14 46 32 30 15
1     8   324   21 8 48 50 11 22 31 21 11 38 44 43 41 10 29 47 32 21 37 30
1     2    52   49 36 18 18 27 42 34 20 22 4 35 24 50 37 12 22 1 21 41 13
1     7   247   22 43 9 4 7 41 11 13 33 2 14 43 38 19 46 42 23 6 1 1 8 26 17 7
1    10   402   34 26 29 50 43 19 34 40 42 29 47 27 30 32 48 41 46 22 27 43 1 24 27
0     2    16   41 40 43 34 26 33 46 10 9 30 11 44 43 35 42 36 14 42 32 9 43 14 43
1     3   119   19 22 20 19 48 15 7 9 39 9 25 50 17 47 43 35 14 38 3 8 3
1    12   437   2 28 37 2 12 32 41 46 37 50 5 16 20 25 42 43 30 19 2 16 49
1    13   395   5 17 8 34 24 3 46 25 47 31 5 6 33 30 17 38 27 14 23 34 3 7 14
1    12   423   17 19 7 32 49 34 44 38 42 19 26 30 38 3 11 39 1 26 45 7 41
1     4   152   14 6 36 20 19 13 5 25 28 30 43 37 35 42 36 46 34 21 29 34 35
1     4   152   20 17 39 17 15 44 34 18 32 3 30 49 11 7 18 4 30 12 44 49 38 15 9
1    10   318   45 3 2 2 25 15 36 49 34 19 18 4 10 5 31 31 23 17 30 35 3
1    13   494   27 47 45 9 50 4 41 42 21 41 4 7 10 26 38 8 36 48 33 11 6 50 6
1     2    52   1 4 40 35 36 18 35 7 28 14 43 36 39 10 26 12 22 3 35 49 30 37 31
1     4   162   1 4 8 8 16 11 5 39 30 37 2 38 48 40 31 16 35 36 1 10 13 50
1     4   151   12 46 38 4 9 8 42 27 39 14 29 36 37 46 2 16 36 33 32 9 31 16
1     6   234   13 14 50 7 8 19 21 19 3 25 9 50 36 13 8 11 22 1 17 15 28 45 8 13
1     3   124   23 36 11 2 10 19 2 32 34 1 5 49 50 50 15 30 12 23 42 3
1     9   300   44 11 4 7 47 2 1 46 28 26 18 43 12 22 25 19 40 25 12 8
1     5   221   31 11 12 32 46 21 17 41 47 2 23 8 17 48 39 46 14 12 6 28 29 10
1    18   576   30 46 8 28 34 8 16 44 18 20 32 49 36 48 27 26 28 44 26 6 46
1     3   122   49 2 34 37 5 50 3 25 29 15 33 28 46 26 48 41 20 25 26 24 28 44 3 24
1     3   101   24 6 25 13 10 22 4 3 27 42 41 6 10 39 12 25 35 4 11 26 22 22 36 32
1     5   195   14 50 26 40 40 44 43 28 14 3 48 47 26 10 32 1 27 48 22 44
1    19   502   36 29 22 4 18 11 44 7 39 16 33 26 33 5 16 34 4 2 1 11 32 49 9 47
1     8   309   49 18 10 44 5 23 41 12 31 24 23 8 14 24 35 22 43 49 12 16
1    10   259   11 7 34 15 13 4 8 30 24 10 24 24 9 46 24 33 27 3 10 22
1     5   192   48 26 41 44 47 40 42 5 9 14 15 30 27 45 39 6 35 45 42 33 8 32 15 12
1     3   100   44 32 16 41 36 30 50 26 6 23 3 23 25 43 18 20 33 22 40 24 17
